acuracia,loss,frr,fpr, removed, n_clf, tp_removed
0.084, 2.300968692660332
0.243, 2.046037250161171, 0.8629200765986722, 0.38064786791362576, 3,3, 3
0.257, 2.085742480099201, 0.8549363680160402, 0.35973294171301695, 3,3, 3
0.291, 2.057617235541344, 0.8358610691448997, 0.33321301992618224, 3,3, 3
0.3445, 2.0241311870813368, 0.7994056534707216, 0.28506117741649417, 3,3, 3
0.397, 1.9213100417852402, 0.766895851363058, 0.2620368383026117, 3,3, 3
0.4355, 1.79111353084445, 0.7433636803365518, 0.24276806629517167, 3,3, 3
0.428, 1.747216489225626, 0.748226598824495, 0.23812711279725823, 3,3, 3
0.495, 1.6260526793897152, 0.7080199094542989, 0.2069665632863243, 3,3, 3
0.521, 1.532383076056838, 0.6853427094125961, 0.2009567954736112, 3,3, 3
0.528, 1.4613115990832448, 0.6750737515573269, 0.2019152798574857, 3,3, 3
