acuracia,loss,frr,fpr, removed, n_clf, tp_removed
0.084, 2.300968692660332
0.2435, 2.05508453720808, 0.8623582788458632, 0.3829206891107725, 0,0, 0
0.2705, 2.007547233223915, 0.8474580114341126, 0.3400949460477952, 0,0, 0
0.364, 1.9765492534637452, 0.7877208952270058, 0.27094501378672053, 0,0, 0
0.3445, 1.9418712459206582, 0.7994056534707216, 0.2854562822018028, 0,0, 0
0.349, 1.8776603772640228, 0.7970257594476211, 0.288802708422058, 0,0, 0
0.3935, 1.7916112975478173, 0.7685574202727378, 0.256641800271303, 0,0, 0
0.44, 1.7002111292481423, 0.7417978500024935, 0.247972214908133, 0,0, 0
0.4665, 1.6094819843769073, 0.7117426643700937, 0.22115926766858215, 0,0, 0
0.5025, 1.5184272437691688, 0.6614138153425819, 0.20452836119141918, 0,0, 0
0.549, 1.4155155871361493, 0.604671448433765, 0.17490126841037984, 0,0, 0
