acc, loss, temp
0.060715101667809, 2.312683458182648 
0.10789353438428147, 2.2054690492687787 
0.16381082933516106, 2.0737936289711296 
0.22635366689513364, 1.8963564353658553 
0.28495544893762853, 1.7374448927031507 
0.3323052318939913, 1.631927467610057 
0.437742746173178, 1.3844455854528457 
0.48874800091386794, 1.270313316356207 
0.540324423120859, 1.153473492616373 
0.5917294950879598, 1.0338311202242871 
0.597441169750971, 1.015618112658036 
0.6123486406214302, 0.9844546023608802 
0.6911126342243545, 0.7968423112134053 
0.6924834361434773, 0.787464805313057 
0.697966643819968, 0.7834753659408029 
0.8006625542609093, 0.549765497509636 
0.8175691112634225, 0.5049126958721039 
0.8180831619830934, 0.4982835256291938 
0.8187114461960247, 0.49348828902628655 
0.8409298606351382, 0.4479147389917303 
0.8415010281014393, 0.44520145441711345 
0.8423577793008911, 0.4408453967114241 
0.8440141649531643, 0.43236079235810687 
0.844928032899246, 0.4294252978339528 
0.9062714187799863, 0.2799427334106079 
0.9115261594699566, 0.26447992310113755 
0.9130683116289696, 0.2589319878666653 
0.9155814484806946, 0.2516788159575965 
0.9154672149874343, 0.25054568006202566 
0.9164381996801462, 0.2462394704338558 
0.9171807173863377, 0.24465758216910363 
0.09664153529814942, 2.3048806876626635 
0.2113319625314142, 2.0021442034091503 
0.2476010966415353, 1.920386654890166 
0.30071967100753944, 1.7757432074430453 
0.3794265478638337, 1.581731139605497 
0.4455106237148732, 1.4232910680593052 
0.4983436143477267, 1.2915448040016064 
0.502570253598355, 1.2741911780606372 
0.5795636280557459, 1.0788263003171978 
0.6661526159469957, 0.8812741360000996 
0.6716358236234864, 0.8777995944232122 
0.7084761251999087, 0.7940271671494786 
0.7951793465844186, 0.5900788456033207 
0.794893762851268, 0.5835675527969465 
0.8035183915924149, 0.5584812797938102 
0.8083733150559744, 0.5439127731384187 
0.8133995887594243, 0.5270336501820552 
0.8145990404386566, 0.5241058179628051 
0.8159698423577793, 0.5186700005349585 
0.834190084532785, 0.47140045339953224 
0.8393305917294951, 0.46063535302749653 
0.893877084761252, 0.30560093273237005 
0.8983321909984008, 0.2911390373783059 
0.8993602924377427, 0.28598074975199905 
0.9011880283299063, 0.28204425662042226 
0.9011880283299063, 0.2818891551002537 
0.9012451450765364, 0.28081578767563947 
0.9019876627827279, 0.27876766629565874 
0.9022732465158785, 0.27666460244858837 
0.9047292666209733, 0.2699700349884069 
0.9088416723783413, 0.25430753222867925 
0.09869773817683344, 2.3066840476662147 
0.1529586474754398, 2.1664382142818157 
0.2895819054146676, 1.8658238464994854 
0.42140735663696594, 1.5511117094017424 
0.43145990404386564, 1.537942291811548 
0.5254169522503999, 1.3139590429091796 
0.5519762394334019, 1.2470857747972859 
0.6258281928261367, 1.0758053595639738 
0.6736349097555403, 0.886488792994084 
0.6964816084075851, 0.8315639252981588 
0.7790153072880969, 0.6386978003095777 
0.8343614347726753, 0.5020167889065771 
0.8386451907699337, 0.4814277776777353 
0.8661754626456477, 0.3990376406479098 
0.902044779529358, 0.3204220498420437 
0.9201507882111035, 0.25509752916731565 
0.9201507882111035, 0.2534182420076276 
0.9256911126342243, 0.2329520590941156 
0.9264907470870459, 0.2272553368266392 
0.9299177518848526, 0.2204873475471325 
0.9325451222298378, 0.21188358243137212 
0.9446538725154215, 0.1940476353999483 
0.9461960246744345, 0.18496087814158252 
0.9481379940598583, 0.17874648324561335 
0.9492232122458305, 0.17367312549540934 
0.9498514964587617, 0.17155198108469358 
0.9501370801919122, 0.16411679085110495 
0.950536897418323, 0.16223388110080705 
0.9524788668037468, 0.15685586069310875 
0.9528215672835275, 0.15471252232667468 
0.9535069682430889, 0.14960453806548782 
0.113776559287183, 2.3095292900809805 
0.20721955677404616, 2.099083153703534 
0.3196253141421065, 1.843347089430975 
0.3211674663011195, 1.8173250186307275 
0.36788896504455104, 1.699318324626663 
0.385195339273475, 1.6403267503980208 
0.4192940370116518, 1.5640817426811633 
0.46441626684944026, 1.4561503525242778 
0.48069453963902214, 1.4202681314504364 
0.4990290153072881, 1.3761002424049311 
0.5369545350696824, 1.2944621140602977 
0.5623714873200822, 1.1846937650085112 
0.6532442312085903, 0.97667158135265 
0.659698423577793, 0.9647631306357153 
0.7578249942883253, 0.734245944591404 
0.7715330134795522, 0.702906111434771 
0.8524103267077907, 0.5198797433542189 
0.8543522960932145, 0.5099573719856276 
0.8563513822252684, 0.5024616753851174 
0.8626342243545808, 0.48848994803200824 
0.8626342243545808, 0.4872939286827961 
0.8633196253141421, 0.4800648913758181 
0.9373429289467672, 0.3137422667191965 
0.9388279643591501, 0.3096045081579059 
0.9408270504912041, 0.2953144315286756 
0.9412268677176148, 0.29367126015874234 
0.9411126342243545, 0.2933798308858552 
0.9429974868631483, 0.28959006559775946 
0.9435115375828192, 0.28684126669585436 
0.9451108064884625, 0.27258854303300717 
0.950022846698652, 0.15770052969905052 
0.0673977610235321, 2.309570169084855 
0.1410783641763765, 2.150368184930439 
0.27930089102124744, 1.8299200151749275 
0.33961617546264566, 1.6748773970009132 
0.43254512222983776, 1.4696547133078375 
0.5795636280557459, 1.1108470331259068 
0.6281699794379713, 0.9864449762799893 
0.6453050034270048, 0.9406918335712106 
0.6575279872058487, 0.9098380158682117 
0.6858578935343843, 0.8491761310921381 
0.7006511309115833, 0.8113014819773886 
0.7655357550833904, 0.6254191545832278 
0.7716472469728124, 0.6068556333196332 
0.8428147132739319, 0.4373138988453605 
0.8428147132739319, 0.43659498098472205 
0.8549805803061458, 0.38956689218776 
0.877027644505369, 0.35046907350751316 
0.8783984464244916, 0.34329989143870643 
0.8810258167694768, 0.3357353326665424 
0.8912497144162669, 0.320367074375199 
0.8919922321224583, 0.3117095822635969 
0.8993031756911126, 0.29780769278555275 
0.9012451450765364, 0.2932229155372541 
0.9029015307288097, 0.2873950326410238 
0.9038153986748915, 0.28179020909980745 
0.9044436828878227, 0.27885076086424987 
0.9045007996344528, 0.278190873816654 
0.904557916381083, 0.2747497774392488 
0.9051862005940141, 0.27132099250923375 
0.9104409412839845, 0.2581427246025579 
0.9108978752570254, 0.2572531563516898 
0.11366232579392278, 2.305417781658755 
0.198480694539639, 2.1245985431923664 
0.28992460589444824, 1.9140275884083764 
0.2942083618917066, 1.8993781750915102 
0.36971670093671466, 1.7251689881898369 
0.4497943797121316, 1.526739970518386 
0.4635595156499886, 1.4937496431964141 
0.4788668037468586, 1.4583587506883298 
0.5492346355951565, 1.299642641510243 
0.5492346355951565, 1.2978729312005375 
0.5504912040210189, 1.2925388268577302 
0.5636851724925748, 1.256980804626126 
0.6125771076079507, 1.1294552532519975 
0.7666209732693626, 0.7789266323745726 
0.8165410098240804, 0.6610411930242323 
0.8174548777701622, 0.6577197642462735 
0.8209961160612291, 0.6436159692118518 
0.8222526844870917, 0.6393766690829038 
0.8223098012337218, 0.6357518634913851 
0.8225953849668722, 0.6324698406922501 
0.869374000456934, 0.526871435320764 
0.8705163353895362, 0.5188168338455252 
0.8917066483893078, 0.3298444096373325 
0.8919922321224583, 0.3287371410343932 
0.8919922321224583, 0.3282521128495048 
0.8921635823623486, 0.32669395432952303 
0.8925062828421293, 0.3242832593147955 
0.8927347498286498, 0.3227134663295855 
0.8934772675348412, 0.3220628942747465 
0.8934772675348412, 0.3216695491411314 
0.8995316426776331, 0.3004462557953193 
0.10983550376970527, 2.304042682529406 
0.19059858350468356, 2.105749754549703 
0.30814484806945397, 1.8335692763309113 
0.4236349097555403, 1.5412355794452703 
0.45407813570939, 1.4223760291336718 
0.5438656614119259, 1.2239869097612295 
0.5645990404386566, 1.1734119548227946 
0.5696824308887366, 1.1649494255839778 
0.5696824308887366, 1.1639906166966318 
0.5809344299748687, 1.1345060851835496 
0.6555860178204249, 0.9567455378047458 
0.6639821795750515, 0.9423013125188255 
0.7169865204477953, 0.8163960091617678 
0.7655357550833904, 0.6314536256104308 
0.8521818597212703, 0.43427631106390485 
0.8529814941740919, 0.4257222033410825 
0.8546949965729952, 0.42075964397194154 
0.858122001370802, 0.4114360138434059 
0.8597212702764451, 0.408856881136563 
0.8599497372629655, 0.40827914109535873 
0.8602924377427462, 0.4059968439317574 
0.8622915238748001, 0.39936571440547325 
0.8623486406214302, 0.39807107373525547 
0.8626913411012109, 0.3972608282849112 
0.8626913411012109, 0.3967882100720298 
0.8639479095270733, 0.3929734750167666 
0.8710303861092072, 0.3840018671851836 
0.8825108521818598, 0.35849570505052647 
0.8841101210875029, 0.34950998418716506 
0.884167237834133, 0.347730426038456 
0.8855951564998857, 0.33914875579741544 
0.16900845327850125, 2.2987446048332534 
0.2198423577793009, 2.118625953201318 
0.2791866575279872, 1.9714220415159303 
0.32516563856522734, 1.86189029239544 
0.40044551062371486, 1.6826279187542879 
0.42620516335389536, 1.6269628040152508 
0.43762851267991776, 1.5709183636017923 
0.45265021704363717, 1.4943738281402474 
0.5114804660726525, 1.3037825589671195 
0.5594585332419465, 1.1103096699504535 
0.6084075851039524, 0.9943218276968723 
0.6134909755540324, 0.980176728284808 
0.6157756454192369, 0.9764557943079598 
0.6659241489604752, 0.8719352388739435 
0.7532556545579164, 0.6542991141193394 
0.7534841215444368, 0.6528879303151628 
0.7665067397761024, 0.6220534949063208 
0.7671921407356637, 0.618180765733006 
0.7699908613205392, 0.6067327266649899 
0.771475896732922, 0.5906516269351817 
0.7731893991318255, 0.5807055278191036 
0.7732465158784556, 0.577899127269606 
0.7739319168380169, 0.57655559269621 
0.7745602010509481, 0.5766671372222859 
0.7753027187571396, 0.5732390584211677 
0.7777587388622345, 0.5674181863215513 
0.7774731551290839, 0.5649554622440317 
0.7783870230751656, 0.5608338400706554 
0.7793580077678776, 0.5570545819844177 
0.780157642220699, 0.5546946989714919 
0.7819282613662326, 0.5515109584079977 
0.0960703678318483, 2.3042320467133557 
0.11023532099611606, 2.1667221970032506 
0.24268905643134567, 1.8714010864097774 
0.3130568882796436, 1.7168541143368952 
0.39976010966415354, 1.4960170922886322 
0.41483893077450307, 1.4597902839924946 
0.4353438428147133, 1.420191974274554 
0.5312999771533014, 1.1777575654522168 
0.5359264336303404, 1.1648448371789408 
0.6333676033813114, 0.9332608254290644 
0.6338245373543523, 0.925839964608928 
0.6390221612976925, 0.9101565482346821 
0.7215558601782043, 0.708614488399309 
0.7549691569568198, 0.6270287045794748 
0.7594813799405986, 0.6132825398905136 
0.7605094813799406, 0.6094205816138184 
0.8323052318939913, 0.4527789460833974 
0.8347612519990861, 0.44603291349728236 
0.8444710989262052, 0.4212268883054878 
0.8685172492574823, 0.36286644207250673 
0.8704592186429061, 0.35940900880104476 
0.9516792323509253, 0.16432005334095648 
0.9536212017363491, 0.15954988285212002 
0.9544208361891706, 0.15692525177281552 
0.9543637194425405, 0.1538194127324251 
0.9556774046150331, 0.150642488862622 
0.9560201050948138, 0.1506024244384464 
0.9564770390678546, 0.14938306120779685 
0.9579620744802376, 0.1376336938984527 
0.9594471098926205, 0.13356856369251088 
0.9597898103724012, 0.1301362623520562 
0.0875028558373315, 2.3008613045889 
0.11097783870230751, 2.246187659552079 
0.2298949051862006, 1.9723940581086852 
0.2539410555174777, 1.921423679684246 
0.2710760795065113, 1.8113132014561388 
0.27655928718300204, 1.8012857184553863 
0.33521818597212705, 1.672372874877978 
0.33813114005026274, 1.6593197796941435 
0.354066712360064, 1.6239942369309879 
0.3593785697966644, 1.6129675061217126 
0.44299748686314827, 1.4226242996840683 
0.471955677404615, 1.3628479698747094 
0.5240461503312771, 1.2416037481597213 
0.6108064884624171, 1.0494875374322652 
0.6302261823166553, 1.0010319615679817 
0.684144391135481, 0.8410020094309006 
0.6899702992917524, 0.8281531282984305 
0.7216700936714645, 0.7488366440511512 
0.773474982864976, 0.6253110068756688 
0.773474982864976, 0.6249390784718357 
0.7757025359835503, 0.6169285952485698 
0.7777016221156043, 0.6063254483456599 
0.7785012565684258, 0.6019506220698086 
0.8202535983550377, 0.4971377552019351 
0.8207676490747087, 0.49339467724572483 
0.8963331048663468, 0.31600813827800817 
0.8976467900388394, 0.3079747555666236 
0.8978752570253599, 0.3064049756051444 
0.8985606579849211, 0.30198280767667957 
0.8993031756911126, 0.2993596766518333 
0.899474525931003, 0.29728425964833344 
0.09709846927119031, 2.3034063275988776 
0.19568197395476353, 2.0770201634787617 
0.27890107379483664, 1.853892875484876 
0.36491889421978524, 1.6591337397901758 
0.3680603152844414, 1.6390101772051426 
0.5054260909298607, 1.3307537118868746 
0.587217272104181, 1.1425797635521753 
0.61223440712817, 1.0962186891369865 
0.6262280100525474, 0.9741251257992593 
0.6313685172492575, 0.9628859859228068 
0.7183002056202878, 0.7619940618627157 
0.7459447109892621, 0.7084151599359034 
0.7582819282613662, 0.6832009495364031 
0.7608521818597213, 0.6710226603438865 
0.7629655014850354, 0.6637949564705307 
0.7643363034041581, 0.6559471927133774 
0.7649074708704592, 0.6524172424537263 
0.8574937171578707, 0.4415086392686454 
0.8724011880283299, 0.4060196919350249 
0.8779415124514508, 0.3941613064373823 
0.8793123143705734, 0.39162310673437295 
0.880111948823395, 0.3867573938379486 
0.9286040667123601, 0.23350340817684068 
0.9294608179118118, 0.23117589524597806 
0.9335732236691798, 0.21794072350698782 
0.9340301576422207, 0.21594717554321888 
0.934201507882111, 0.21553695438205978 
0.9369431117203564, 0.20176940232193943 
0.9415695681973955, 0.18442971429796934 
0.9415695681973955, 0.18405916374027195 
0.9415695681973955, 0.18201749120656388 
0.10703678318482979, 2.307255448958346 
0.22960932145305005, 2.03870239974351 
0.23297920950422665, 2.0204496281056885 
0.3085446652958648, 1.8238790450162674 
0.4143819968014622, 1.5863804409254258 
0.4317454877770162, 1.5532748547933681 
0.5515764222069911, 1.2896748078825542 
0.6138336760338131, 1.1471953705094935 
0.7554832076764908, 0.7830835083465892 
0.7574822938085447, 0.7724737134803209 
0.7621087502855838, 0.7556538056353659 
0.7642220699108979, 0.7497590196425065 
0.7861549006168609, 0.698359487678781 
0.7896961389079278, 0.6912820035308015 
0.7926662097326936, 0.5738724712354901 
0.812257253826822, 0.5412822588813337 
0.8136280557459447, 0.5385058564859649 
0.8582362348640622, 0.4260561168168379 
0.8594356865432945, 0.41655086570912914 
0.8600639707562258, 0.4141372886150824 
0.8648617774731552, 0.3982529048688227 
0.8670893305917295, 0.3858203108500605 
0.8677747315512908, 0.38266056701103557 
0.8677747315512908, 0.38011930807490185 
0.8681745487777016, 0.3771112990850749 
0.8932488005483208, 0.2999088041865399 
0.8948480694539639, 0.29760352419560165 
0.895419236920265, 0.2962577453093905 
0.8952478866803747, 0.295226529363097 
0.9064998857665068, 0.2670653884565491 
0.9106122915238748, 0.2626145823273075 
0.09389993145990404, 2.3009375432520422 
0.1787754169522504, 2.1097546195682453 
0.22578249942883252, 2.006666934276924 
0.27507425177061917, 1.8891197569661184 
0.37691341101210873, 1.5210916277353086 
0.43997029929175235, 1.3729665318220048 
0.5536897418323052, 1.1172198164669458 
0.6412497144162669, 0.9216859421254454 
0.6624400274160384, 0.880891213642779 
0.6650102810143934, 0.8662622302826711 
0.7430317569111263, 0.6850773944737184 
0.7448023760566598, 0.670148660376324 
0.7842700479780672, 0.5718629682275403 
0.8513822252684488, 0.4150640359716908 
0.856122915238748, 0.39073898148667296 
0.8632053918208819, 0.3778129137150578 
0.863776559287183, 0.3700510997370948 
0.8644619602467444, 0.367088036936756 
0.9066712360063971, 0.26995070508672575 
0.90815627141878, 0.26616877212429857 
0.9126684944025588, 0.26175913819883523 
0.9129540781357094, 0.2606396945242481 
0.9184944025588303, 0.24832533706772345 
0.9354009595613434, 0.2100891165573849 
0.9406557002513137, 0.19991368754582872 
0.9452821567283528, 0.18918649489446615 
0.9462531414210646, 0.18649539823096029 
0.9483664610463788, 0.18201023649404402 
0.9526502170436372, 0.17419989145058906 
0.9532213845099383, 0.1714379602938336 
0.9571053232807859, 0.15461661509643332 
0.09801233721727211, 2.307165763032345 
0.1650102810143934, 2.1575148208557366 
0.20242175005711674, 2.0787654256995567 
0.21915695681973954, 2.0396755418278105 
0.2644505368974183, 1.9182363388357855 
0.4160383824537354, 1.5800686882061437 
0.49303175691112633, 1.418296291840259 
0.49914324880054833, 1.3937808583651399 
0.5031985378112863, 1.3805533058023371 
0.5149074708704592, 1.349665697643894 
0.518334475668266, 1.340813607844757 
0.5436943111720356, 1.262077254700525 
0.5458647475439798, 1.2558223016873555 
0.5987548549234636, 1.1346897973385746 
0.6077221841443912, 1.1101124488593537 
0.6090929860635138, 0.9954740286359736 
0.6604980580306146, 0.8726274626451678 
0.7225268448709161, 0.7029931063287916 
0.7226410783641763, 0.703911850555835 
0.725496915695682, 0.6880939911392794 
0.730123372172721, 0.6841894950124947 
0.7314370573452136, 0.6806342131190345 
0.7323509252912954, 0.6744570941999972 
0.7348640621430204, 0.6648945903606941 
0.821909984007311, 0.46064454645353553 
0.8280214758967329, 0.44967399107131 
0.8292780443225953, 0.4450967341755152 
0.8309915467214988, 0.44025887275494396 
0.8318482979209504, 0.4368061442512058 
0.8778843957048207, 0.33867914711937436 
0.8778843957048207, 0.3381362172866045 
0.11446196024674435, 2.2995019971869373 
0.15621430203335618, 2.1945033825400735 
0.2667923235092529, 1.878953822951507 
0.3480123372172721, 1.6904649585363711 
0.36263422435458076, 1.6332731312115052 
0.3680603152844414, 1.6273806202807075 
0.46932830705962986, 1.3988062570979045 
0.49514507653644046, 1.344427293060278 
0.594928032899246, 1.077474918796855 
0.6205734521361663, 1.0220072743699444 
0.6927119031299978, 0.8479244563555948 
0.6956248572081334, 0.832889712306374 
0.6963102581676948, 0.8284210263400813 
0.7413753712588531, 0.7252768606141223 
0.779072424034727, 0.644995186733169 
0.784155814484807, 0.6323825476834841 
0.7866118345899018, 0.6242964397835499 
0.7918094585332419, 0.6109321564907063 
0.7938656614119259, 0.6025794794823902 
0.795407813570939, 0.598159055172345 
0.8025474068997029, 0.5817057475277336 
0.8023189399131826, 0.5809973480883924 
0.8039753255654558, 0.5784871135226483 
0.8434429974868631, 0.4636990776014486 
0.8435001142334932, 0.46282992191700206 
0.8457276673520676, 0.4495801076621798 
0.8462988348183688, 0.4496569342728459 
0.8465844185515193, 0.439767746907024 
0.8473269362577107, 0.4385336632321326 
0.8503541238291067, 0.43197730947481433 
0.8503541238291067, 0.4308791604690217 
0.09692711903129998, 2.3097466197632652 
0.13405300434087275, 2.228511049968141 
0.2011651816312543, 2.0762736293778734 
0.22675348412154445, 1.882709132920929 
0.355094813799406, 1.5848769078240241 
0.3614918894219785, 1.5736010344960072 
0.3644048435001142, 1.562391125193905 
0.39142106465615717, 1.5031958998153265 
0.4644733835960704, 1.3390890760137744 
0.5178204249485949, 1.2108586488078452 
0.5474640164496231, 1.1444087031982992 
0.5534612748457848, 1.1285331912115735 
0.6162896961389079, 0.9532900757656743 
0.7839844642449166, 0.5666098423437973 
0.7908384738405301, 0.5553572873969663 
0.791352524560201, 0.554877252130448 
0.7920379255197624, 0.5509063987756874 
0.7922092757596527, 0.5494363422482591 
0.7951222298377885, 0.5441503443410574 
0.7950079963445282, 0.543217452417163 
0.79592186429061, 0.5404214581828352 
0.796435915010281, 0.5377890245307914 
0.8287068768562943, 0.4617926368093905 
0.8287068768562943, 0.4610227972005763 
0.8342472012794151, 0.4486163390657365 
0.8371601553575508, 0.4399772397220825 
0.837731322823852, 0.4374825256103952 
0.8395590587160155, 0.43013609517732826 
0.8416723783413297, 0.42704702015776475 
0.8883367603381311, 0.3078921130698221 
0.8889650445510624, 0.30453659887790513 
0.10560886451907699, 2.3026219362520988 
0.22526844870916152, 2.0575607568509025 
0.2882111034955449, 1.904563340312692 
0.3867946081791181, 1.6780623430744652 
0.4832647932373772, 1.4381333002731633 
0.5264450536897418, 1.235896164564885 
0.5397532556545579, 1.2024322769640947 
0.613262508567512, 1.0397000279965503 
0.6177747315512908, 1.032664604336772 
0.6437628512679918, 0.9766378880742931 
0.723440712816998, 0.7951035819854243 
0.7679917751884853, 0.6237216456770588 
0.7735892163582362, 0.6082578430428645 
0.7761594699565912, 0.5919718421218279 
0.8289924605894449, 0.4684321921534327 
0.8510395247886681, 0.41990967457653033 
0.8859378569796664, 0.3434579137520765 
0.8883938770847613, 0.32154240545822604 
0.8919922321224583, 0.3085769631588138 
0.9011880283299063, 0.2864182282580891 
0.9019876627827279, 0.28148188651627143 
0.9029015307288097, 0.27759049264927405 
0.9032442312085903, 0.2733740481187907 
0.9038725154215216, 0.26917110845607284 
0.9046721498743432, 0.26318986695847857 
0.9057002513136851, 0.2597798900088631 
0.9069568197395477, 0.255872606513687 
0.9070139364861778, 0.2547384239728137 
0.9080991546721499, 0.2505243699882449 
0.9096413068311628, 0.24747299940896544 
0.9104409412839845, 0.24474142063857451 
0.11691798035183916, 2.3029152364676237 
0.2342357779300891, 2.0317097007511147 
0.3223098012337217, 1.8256230515763803 
0.4001599268905643, 1.5531737434315205 
0.4343728581220014, 1.4757029672919546 
0.5650559744116975, 1.1773438858728764 
0.6339958875942426, 0.9980741498318905 
0.6593557230980124, 0.9445017290381601 
0.6799177518848526, 0.9050890152173771 
0.6849440255883025, 0.8707962786499545 
0.6906557002513137, 0.8546809858758434 
0.7633653187114462, 0.6401970467862441 
0.7646218871373086, 0.6372244165235427 
0.7689627598811972, 0.6330669992147643 
0.7705049120402102, 0.6233892611826447 
0.7730180488919352, 0.610845091763483 
0.7745602010509481, 0.6083978043853364 
0.7756454192369203, 0.6036349318170587 
0.7759310029700708, 0.6025596009060521 
0.7767306374228924, 0.6010721089673917 
0.7769019876627827, 0.5979749341085188 
0.8509252912954078, 0.43019865568266424 
0.853038610920722, 0.4254296485131325 
0.854580763079735, 0.4201822595694494 
0.85715101667809, 0.4140263767220879 
0.8589787525702536, 0.4087624258828307 
0.8600639707562258, 0.40494479076762274 
0.9162668494402559, 0.269550480811016 
0.9163810829335161, 0.2685463305310062 
0.9176947681060087, 0.26416608936272234 
0.9188371030386109, 0.25908253018326255 
0.08807402330363262, 2.3034492113208045 
0.14816084075851038, 2.104441966435815 
0.26690655700251315, 1.8438662546411342 
0.3355608864519077, 1.6660644307738803 
0.42791866575279874, 1.4497444067191234 
0.4287754169522504, 1.446435213918465 
0.4962302947224126, 1.3049174820282674 
0.5705962988348183, 1.1427733555092665 
0.6040667123600639, 1.0642073853596314 
0.635252456020105, 0.9822431471916201 
0.6607836417637651, 0.9211444845204838 
0.6646104637879826, 0.9172067643767914 
0.6655243317340644, 0.9129791381265925 
0.6660954992003656, 0.9113321501169906 
0.6834589901759196, 0.871736612130567 
0.7401759195796207, 0.7356101558715449 
0.7440027416038383, 0.7248689414633184 
0.7461160612291524, 0.7191339299793856 
0.8164838930774503, 0.5569175080308368 
0.8329335161069226, 0.5179945651141998 
0.8387023075165638, 0.5071933906302721 
0.8389878912497144, 0.5051991662077145 
0.9188371030386109, 0.3127138842516483 
0.9188371030386109, 0.3122534279226478 
0.9208933059172949, 0.29973726342725876 
0.9212931231437057, 0.29583434961215194 
0.9214073566369659, 0.2946651116191052 
0.9217500571167466, 0.29308781821771374 
0.922435458076308, 0.2886971174043003 
0.9240347269819511, 0.2824103418859411 
0.9276330820196481, 0.276371426847504 
0.09407128169979438, 2.303115530050438 
0.17260680831619832, 1.9537421097774557 
0.26856294265478636, 1.7341902882782059 
0.3762851267991775, 1.4810403939348313 
0.4759538496687229, 1.2644967255931487 
0.5638565227324651, 1.0650073976077998 
0.5980694539639022, 0.9885756097340184 
0.7120173634909756, 0.7349163849757321 
0.7264107836417638, 0.7008702388849845 
0.7365775645419237, 0.6798307399740016 
0.7742175005711674, 0.597075165958441 
0.7803861092072195, 0.5823052224314119 
0.8012337217272104, 0.5354687728776124 
0.8255654557916381, 0.4853024756580321 
0.8262508567511995, 0.48120998566921797 
0.875999543066027, 0.35661721457259593 
0.8758853095727668, 0.3555002257640572 
0.8766849440255883, 0.3523406136621906 
0.8830249029015307, 0.33524678538372127 
0.9365432944939456, 0.21127291926132707 
0.939284898332191, 0.2001876457523575 
0.9528215672835275, 0.1724875380688539 
0.9539639022161298, 0.17068130223225259 
0.9539639022161298, 0.16888341778184585 
0.9550491204021019, 0.16396569090456353 
0.9580191912268677, 0.15039241409395446 
0.9608750285583734, 0.13769774926898118 
0.9642449166095499, 0.1306768137968069 
0.9644733835960704, 0.12811626060512019 
0.9644733835960704, 0.12788883492908829 
0.965273018048892, 0.1250362729036815 
0.1253141421064656, 2.3032975294662794 
0.1883139136394791, 2.1488021794525074 
0.21927119031299977, 1.9318937417034652 
0.2876970527758739, 1.7798555353966445 
0.3290495773360749, 1.6786174335940383 
0.37605665981265707, 1.5630934258898108 
0.41803746858578933, 1.4364044974647143 
0.4895476353666895, 1.2734244145008977 
0.49074708704592185, 1.2692641652445797 
0.5652273246515879, 1.0951027890311076 
0.6441055517477724, 0.9071252726284751 
0.6802033356180032, 0.8273313447071252 
0.6852867260680832, 0.8113460689526161 
0.6891706648389307, 0.8079373238390185 
0.7374914324880055, 0.6863024899017227 
0.7429746401644962, 0.6734147573420569 
0.7438313913639479, 0.6706780276744427 
0.7466872286954535, 0.6607664622837255 
0.7469156956819739, 0.6582538984260274 
0.7582819282613662, 0.6261307984188575 
0.7584532785012565, 0.623413414010776 
0.758681745487777, 0.622125290676703 
0.7599383139136395, 0.6159651783950062 
0.7605094813799406, 0.6144038245952476 
0.7611948823395019, 0.612318976163381 
0.7629083847384053, 0.6024142335213145 
0.7990632853552662, 0.5122489049025474 
0.822424034726982, 0.46290053765292594 
0.8226525017135023, 0.4600069284438469 
0.823452136166324, 0.4574840116681311 
0.8275074251770619, 0.44833075394859645 
0.10909298606351382, 2.3093204602485393 
0.19625314142106465, 2.115390778580709 
0.27850125656842584, 1.920344239446683 
0.2795293580077679, 1.9076139883323804 
0.32779300891021246, 1.8034384481879966 
0.34915467214987433, 1.7503816524589138 
0.415295864747544, 1.6010502290257247 
0.5013708019191226, 1.4041567545657767 
0.5579163810829335, 1.2723596947251656 
0.5973840530043408, 1.157402568255652 
0.6312542837559972, 1.0757921381237092 
0.6578706876856294, 1.0182240971912082 
0.6597555403244231, 1.0141202168986638 
0.6660954992003656, 0.9949530106621931 
0.7118460132510852, 0.8955684228078751 
0.7160155357550834, 0.8844911924787098 
0.7170436371944254, 0.8815202735365437 
0.7635937856979667, 0.7639050964894168 
0.7646218871373086, 0.7590497041139551 
0.7660498058030615, 0.7536155650775093 
0.8375599725839616, 0.5820725022016299 
0.8399017591957962, 0.5739639121480493 
0.8460132510852182, 0.5541095828881308 
0.8482979209504227, 0.5460513499088625 
0.8814827507425177, 0.46802236218498794 
0.902558830249029, 0.4198745969812455 
0.9036440484350011, 0.4158136070851775 
0.9046150331277131, 0.4121797081498608 
0.9046721498743432, 0.41142888853601456 
0.9251199451679233, 0.35723001713368685 
0.9266620973269363, 0.35231170240148535 
0.09544208361891707, 2.3051692330200253 
0.15884167237834132, 2.159646573795969 
0.25588302490290155, 1.8891477146446092 
0.29769248343614346, 1.7819492459330728 
0.4464816084075851, 1.441583613007492 
0.5292437742746173, 1.187973620527813 
0.5495202193283071, 1.140058128669603 
0.5543180260452365, 1.1325996878001157 
0.5981836874571624, 1.0312311759632249 
0.5981836874571624, 1.0306091963198105 
0.6634681288553804, 0.8776119277922568 
0.6893991318254512, 0.8201128157090866 
0.7173863376742061, 0.7566998991095514 
0.7919236920265021, 0.5820514776148542 
0.7928946767192141, 0.5769695572009035 
0.7946652958647475, 0.5675286957003574 
0.7970641992232123, 0.5583465633946311 
0.8589787525702536, 0.39476538052921717 
0.9123829106694082, 0.27867392331034296 
0.9123829106694082, 0.278005675886757 
0.9154100982408042, 0.27126068458420854 
0.9272332647932374, 0.24245252396059597 
0.9340872743888509, 0.22432832680228265 
0.9417980351839159, 0.21736594325835498 
0.9437971213159698, 0.21464224726033113 
0.9477952935800776, 0.19861567665944774 
0.9511651816312543, 0.18921865752482372 
0.9576193740004569, 0.16591288098677853 
0.9583047749600183, 0.1628337583452686 
0.9583618917066484, 0.1593461757221489 
0.9601325108521819, 0.15232325373962277 
0.11389079278044323, 2.305129929262263 
0.2422892392049349, 2.0136365922183894 
0.36503312771304547, 1.7374198845979127 
0.4115261594699566, 1.6229424662319303 
0.4287183002056203, 1.5464235006256508 
0.4320881882567969, 1.5341804539786565 
0.4341443911354809, 1.5241477187059198 
0.4711560429517935, 1.44094000977051 
0.5560315284441398, 1.2344486299009425 
0.623429289467672, 1.083013656249664 
0.625999543066027, 1.0709766642700722 
0.628055745944711, 1.0635709887633291 
0.6450765364404843, 1.0107652351331056 
0.649988576650674, 0.9991087589658755 
0.6619259766963673, 0.9798600930355992 
0.6978524103267078, 0.8129028524763465 
0.6980237605665981, 0.8115430730118088 
0.762222983778844, 0.6235434885849216 
0.8286497601096642, 0.4690336805117474 
0.8289924605894449, 0.46754784178537406 
0.8925062828421293, 0.32206490215646455 
0.894905186200594, 0.3144585145835066 
0.8965615718528672, 0.3097460284519995 
0.9318597212702765, 0.2325090030463333 
0.9322024217500571, 0.22834960410596034 
0.9325451222298378, 0.2252737936535408 
0.9383139136394791, 0.21053450372875873 
0.9389993145990404, 0.20670437271150122 
0.9396847155586018, 0.20460151761943204 
0.9409984007310943, 0.19919579589791594 
0.9417409184372858, 0.19493685289774454 
0.14364861777473156, 2.299445375276886 
0.17917523417866119, 2.217013067334094 
0.258681745487777, 2.041202005547763 
0.2754740689970299, 1.9992296538635634 
0.2931802604523646, 1.9523111567956943 
0.3432716472469728, 1.8411315070244818 
0.38336760338131143, 1.757384299928365 
0.4574480237605666, 1.5944687047258788 
0.49308887365775644, 1.45786456552846 
0.575508339045008, 1.2653593421353824 
0.6318254512222984, 1.0728023905371038 
0.6491318254512223, 1.0189621429357194 
0.6521018962759881, 1.0063412152969222 
0.6541580991546722, 0.9969191382332075 
0.6590130226182317, 0.9871010201246894 
0.6600411240575736, 0.9842723523387472 
0.71938542380626, 0.78888415757652 
0.86223440712817, 0.4695323244626776 
0.8632053918208819, 0.46528332386621746 
0.8721156042951793, 0.44923450841996304 
0.8728581220013708, 0.44468318208177193 
0.8910212474297464, 0.3290064037788814 
0.8929061000685401, 0.32355530610813926 
0.8989604752113319, 0.3095214637810796 
0.8991318254512223, 0.3083802533947053 
0.9008453278501256, 0.3021702315517811 
0.9041580991546722, 0.2857274683466304 
0.9051290838473841, 0.27988001601395057 
0.9066712360063971, 0.2756016999191237 
0.9070710532328079, 0.27201981120576235 
0.9079278044322595, 0.26763589323194165 
0.1242860406671236, 2.300048487650529 
0.12885538039753255, 2.267535308594922 
0.23075165638565226, 2.0367668267199504 
0.3169408270504912, 1.8392783610471748 
0.3886223440712817, 1.6811063570254248 
0.5442083618917066, 1.321011669401218 
0.5633424720127942, 1.2777416806300856 
0.6297121315969842, 1.09798052404012 
0.6521018962759881, 1.05656289675305 
0.6530728809687, 1.052816687097931 
0.6724925748229381, 1.0046210222447336 
0.6724925748229381, 1.0024917038824248 
0.721441626684944, 0.8883806399922013 
0.7221270276445053, 0.8856702593203888 
0.7223554946310258, 0.8836882974210784 
0.7222412611377655, 0.8832379571835537 
0.7791866575279872, 0.6961710789306769 
0.81636965958419, 0.6098965388025948 
0.8183116289696138, 0.6078343821194305 
0.8224811514736121, 0.585418205342779 
0.8240804203792552, 0.5793476307134613 
0.8259652730180489, 0.5736222746448825 
0.8267077907242404, 0.568654234763983 
0.8283641763765136, 0.5633097088226461 
0.8327621658670322, 0.550705097254371 
0.8788553803975325, 0.4455094775790268 
0.8799405985835047, 0.43894907091122176 
0.8838245373543523, 0.31571627486155474 
0.8838245373543523, 0.313679486535585 
0.8863947909527073, 0.30637628441593295 
0.8865090244459676, 0.30595221433427294 
0.09195796207448023, 2.3049074622055956 
0.26176604980580304, 1.918105807065971 
0.3128855380397533, 1.7221887169933685 
0.3236234864062143, 1.684311550160877 
0.3889079278044323, 1.5436943191713262 
0.39233493260223895, 1.5300765529662843 
0.393877084761252, 1.525286387598039 
0.43877084761252, 1.4245343418224143 
0.46058944482522274, 1.3780134222768927 
0.5167352067626229, 1.2642210173502588 
0.6023532099611606, 1.0695805863500896 
0.6562143020333562, 0.944341947553128 
0.7131025816769477, 0.8117174219357415 
0.7180717386337674, 0.8015575363691421 
0.7196710075394106, 0.7953507869173086 
0.740347269819511, 0.7469844146358449 
0.7417180717386338, 0.7379651999399857 
0.7766735206762623, 0.5807797817328559 
0.7805003427004797, 0.5666019792012408 
0.8546949965729952, 0.39136105025233126 
0.8561800319853781, 0.3830208188721136 
0.856636965958419, 0.3799543491270431 
0.8589787525702536, 0.3699398395135003 
0.8700022846698652, 0.35229878106640156 
0.8702307516563856, 0.3503089937507082 
0.8725725382682202, 0.34346531761783466 
0.8732008224811515, 0.339972837657984 
0.875485492346356, 0.3332942478592354 
0.8778272789581906, 0.32548427283319553 
0.8792551976239433, 0.31932966974611104 
0.9599040438656614, 0.13138092436470808 
0.10103952478866804, 2.3026837203793855 
0.20493488690884168, 2.022320574476874 
0.3239090701393649, 1.763237542620565 
0.4353438428147133, 1.512038781409701 
0.46241718071738636, 1.4675936944644992 
0.5815627141877998, 1.2051383001764837 
0.6830591729495088, 0.9705370820556432 
0.7643934201507883, 0.7646661941176023 
0.7963216815170208, 0.6881754935899694 
0.8004340872743888, 0.663573269547576 
0.8004340872743888, 0.6612938962893682 
0.802033356180032, 0.6525484659435216 
0.8052890107379483, 0.6471684225597633 
0.8058601782042495, 0.6445143235029336 
0.8088873657756455, 0.625774936179835 
0.820938999314599, 0.6016373871282216 
0.823966186885995, 0.596909506466387 
0.8245373543522961, 0.5904967059073717 
0.8248800548320767, 0.5861200565737901 
0.8253369888051176, 0.5847399948676067 
0.8700594014164953, 0.4871964230105635 
0.8756568425862463, 0.46870235467315124 
0.8758281928261367, 0.4681688016749456 
0.8763993602924377, 0.46649757312185686 
0.879083847384053, 0.46006685134301634 
0.8842243545807631, 0.45083092357935967 
0.8853666895133653, 0.44638949918915816 
0.8983321909984008, 0.41222044887591985 
0.8985606579849211, 0.40994468573593595 
0.8986748914781814, 0.40928749017866095 
0.8986177747315512, 0.4080491134377171 
0.09681288553803975, 2.306202690928947 
0.15610006854009595, 2.1766930905007222 
0.2815855608864519, 1.8851015168501648 
0.34881197167009365, 1.7373426086706765 
0.38308201964816085, 1.6532509867399723 
0.4162668494402559, 1.5763591251528435 
0.48497829563628053, 1.3984464218748582 
0.5683116289696138, 1.1973711972823589 
0.6531871144619602, 1.0008396492972012 
0.6796892848983321, 0.9456165978893802 
0.7021361663239661, 0.8958562152832652 
0.7551976239433402, 0.7660446149177533 
0.7590244459675577, 0.7573181751130595 
0.7615946995659127, 0.7499812297193493 
0.762280100525474, 0.7471295891200095 
0.819396847155586, 0.587060675479231 
0.8227667352067626, 0.5732888032677519 
0.823452136166324, 0.5719154182131102 
0.8289353438428148, 0.5516267847667202 
0.8496687228695453, 0.5065077393798723 
0.8662896961389079, 0.4114998762527141 
0.8720584875485492, 0.396580769285131 
0.9308316198309344, 0.20702777362518804 
0.9388850811057802, 0.19052737170557882 
0.9435115375828192, 0.18121294909199792 
0.946424491660955, 0.1767344691926551 
0.946424491660955, 0.17684035605182455 
0.9475668265935572, 0.171040434966772 
0.9527644505368974, 0.1584603263979893 
0.955106237148732, 0.14809609905603946 
0.955620287868403, 0.14579471135174302 
0.10635138222526845, 2.3028433733769047 
0.13022618231665525, 2.2489847776089005 
0.20110806488462418, 2.1016964002633256 
0.25793922778158557, 1.9626607802623655 
0.4244345442083619, 1.577998322613423 
0.4473954763536669, 1.512711559720573 
0.48412154443682887, 1.4148267303113466 
0.560201050948138, 1.084402969535869 
0.6387936943111721, 0.9027033956208442 
0.651016678090016, 0.8739255798594691 
0.709675576879141, 0.7499400991511845 
0.7488576650673978, 0.6670263242453713 
0.7524560201050948, 0.6512514494620595 
0.7539410555174777, 0.6456402675476577 
0.754112405757368, 0.6431240743536454 
0.7563399588759424, 0.6352452926019326 
0.7579963445282156, 0.6291019899121836 
0.759652730180489, 0.6245355092169607 
0.7606808316198309, 0.62103898795064 
0.7643934201507883, 0.6076113785899178 
0.7896961389079278, 0.5513877984586494 
0.7899817226410784, 0.5500250999162842 
0.7919808087731323, 0.5393853201430899 
0.7920379255197624, 0.538484692880801 
0.8600068540095956, 0.37970958345294376 
0.9115832762165867, 0.25828899965643304 
0.9112405757368061, 0.2583144182889138 
0.9126113776559287, 0.2527617990071083 
0.9139250628284213, 0.2485426689426089 
0.9142677633082019, 0.24523911650326052 
0.9142677633082019, 0.24501883152130308 
