acc, loss, temp
0.05702054794520548, 2.3125686716248395 
0.18144977168949772, 2.621103842170826 
0.11284246575342466, 2.9174329107641537 
0.2452054794520548, 2.8014201733924073 
0.3727739726027397, 2.1943535504842697 
0.3872716894977169, 1.7521127331702417 
0.4800228310502283, 1.8267060211170778 
0.4751712328767123, 1.6986590886276762 
0.3903538812785388, 1.8251926061327557 
0.6072488584474885, 1.3696873187130976 
0.6610159817351599, 1.1534875001555813 
0.5283675799086758, 1.7225690820147597 
0.5507420091324201, 1.5916807720796697 
0.6315068493150685, 1.1596991303459752 
0.5674086757990867, 1.0886340949024398 
0.6407534246575343, 1.055795000384171 
0.6905251141552512, 0.9457196123560149 
0.6232876712328768, 1.0408174093929654 
0.7612442922374429, 0.7131744721515039 
0.6595319634703196, 1.1914916057865448 
0.6884703196347032, 1.0377397771448198 
0.7754566210045662, 0.7004720267113604 
0.7046232876712328, 1.0835146603629695 
0.7455479452054794, 0.7348697408836444 
0.7273972602739726, 0.7635229383595956 
0.6857876712328768, 0.9850988443580757 
0.7595890410958904, 0.7125122517309875 
0.8703767123287671, 0.41832090162782276 
0.7648401826484018, 0.6712741980056925 
0.7773401826484019, 0.6029194224044908 
0.7886986301369863, 0.5619022840755373 
0.07517123287671233, 2.3098067569148486 
0.12534246575342467, 2.562002279149628 
0.18447488584474886, 2.3485822190415075 
0.11980593607305937, 2.7590708937923814 
0.21638127853881278, 2.573036049891999 
0.32197488584474887, 1.8991424230513538 
0.5106735159817352, 1.5410161207588375 
0.46621004566210045, 1.720316253015258 
0.640296803652968, 1.1298997018188182 
0.6136986301369863, 1.3476950165071877 
0.6433219178082191, 1.0122986798624651 
0.7074200913242009, 0.9084547263863219 
0.5907534246575342, 1.2534110038501145 
0.6785958904109589, 1.0211296045366862 
0.7771689497716895, 0.6175115164889916 
0.7136986301369863, 0.8007338839103487 
0.7832762557077626, 0.6380806295522082 
0.7469178082191781, 0.7604089218855352 
0.8493150684931506, 0.48379341864999054 
0.7339041095890411, 0.6928219187432104 
0.7236301369863014, 0.7110134477689766 
0.7619292237442923, 0.6887151107325659 
0.8527968036529681, 0.4602544430054469 
0.7768264840182648, 0.6578640410968796 
0.7260844748858447, 0.8275783033064117 
0.7767694063926941, 0.6031791886364578 
0.7402397260273973, 0.8187018194070999 
0.6652968036529681, 0.9328051596339134 
0.8046803652968036, 0.6738768409652197 
0.8273401826484018, 0.44305888131689586 
0.8836187214611873, 0.37995302011577126 
0.091324200913242, 2.301551818071792 
0.21843607305936072, 2.393018178584747 
0.09977168949771689, 2.338193801389993 
0.20142694063926941, 2.582429892835628 
0.15958904109589042, 2.644939430169961 
0.3429794520547945, 2.605605968847517 
0.4537671232876712, 1.7285285617722623 
0.5271689497716895, 1.3524995555735377 
0.6138698630136986, 1.163291037332261 
0.5717465753424658, 1.2251329059426632 
0.561472602739726, 1.443666426780021 
0.620662100456621, 1.1838941590773664 
0.7085045662100456, 0.8974993351820548 
0.6182648401826484, 1.3282148527172855 
0.7253424657534246, 0.782245108522054 
0.6892123287671232, 0.894175021575085 
0.7376712328767123, 0.7876080793037455 
0.7734589041095891, 0.7299491717518631 
0.7654680365296803, 0.6779291072713638 
0.7699771689497716, 0.7039137461383514 
0.7999429223744292, 0.5687182526506436 
0.7337899543378995, 0.7530685738474273 
0.7242579908675799, 0.7842174177481841 
0.728595890410959, 0.8750691451019983 
0.769406392694064, 0.5998439432620456 
0.8176940639269407, 0.5089354939465689 
0.733162100456621, 0.7246746839691821 
0.8180365296803653, 0.5379068128390068 
0.703824200913242, 0.9171626516034421 
0.8493721461187215, 0.46287667700643514 
0.7944063926940639, 0.5638151443281723 
0.1125, 2.298270343228102 
0.21352739726027398, 2.4045872221177422 
0.20833333333333334, 2.5281723446596365 
0.2370433789954338, 2.6071326288838184 
0.22819634703196348, 2.0615891211368087 
0.4435502283105023, 1.6404598031576672 
0.3852739726027397, 1.9236882429935072 
0.5975456621004567, 1.2301381854433138 
0.5360159817351599, 1.5640048129351418 
0.608675799086758, 1.5742740381553992 
0.6504566210045662, 1.0913937602567974 
0.6289383561643835, 1.0295723769423348 
0.7014840182648402, 0.8022848932410535 
0.6106735159817351, 1.2138290785796437 
0.7141552511415525, 0.7549222967825234 
0.7727739726027397, 0.7009177050454496 
0.7336187214611872, 0.7461301758355008 
0.7738013698630137, 0.6221040961073047 
0.7867579908675799, 0.5989107009534015 
0.7627853881278539, 0.6721421936729239 
0.7067351598173516, 0.7896368379803955 
0.8192351598173516, 0.5268585840464751 
0.7230022831050228, 0.7155526785781571 
0.7726598173515982, 0.6621687610905188 
0.8001141552511416, 0.5060865933068059 
0.8647831050228311, 0.42189480966402026 
0.7712328767123288, 0.7072798226046598 
0.7598744292237443, 0.6965582406630645 
0.8090753424657534, 0.49742290507144526 
0.7775684931506849, 0.6131101417635848 
0.7687785388127854, 0.596567621456825 
0.0988013698630137, 2.305023365692559 
0.16660958904109588, 2.6439261278094777 
0.12014840182648402, 2.5218505260190867 
0.29098173515981735, 2.079200483276687 
0.2743150684931507, 2.439905906920457 
0.40884703196347033, 1.8007547843111693 
0.3924086757990868, 1.9458813306377776 
0.41506849315068495, 1.8088688934763828 
0.4611872146118721, 1.7724196909216217 
0.4679794520547945, 2.0372535123387823 
0.6601598173515981, 0.987365035559828 
0.6775684931506849, 0.9015711151975511 
0.7391552511415526, 0.7384289194584452 
0.6898972602739726, 0.8254279269145839 
0.6222031963470319, 1.1779052754270432 
0.6365296803652968, 1.0095003044633315 
0.6615867579908675, 0.8842603653281782 
0.7791095890410958, 0.6234797008298508 
0.7010844748858448, 0.802688339875826 
0.7546803652968036, 0.6686229686991555 
0.6628995433789955, 0.9606132861229694 
0.7163812785388128, 0.808891634269087 
0.6075342465753425, 1.2689951279362184 
0.7506278538812785, 0.6661076891892247 
0.7167808219178082, 0.7500830342053438 
0.8102739726027397, 0.5527699156614394 
0.7585045662100457, 0.6728099571818797 
0.7529109589041096, 0.8229287334195323 
0.8131278538812785, 0.5155063307211039 
0.8031963470319635, 0.5199952898721766 
0.8112442922374429, 0.5001331928133438 
0.0569634703196347, 2.307045638789444 
0.19098173515981734, 2.8045210124522586 
0.16141552511415524, 2.5779553056048488 
0.2956050228310502, 2.276152062499368 
0.371175799086758, 1.669074636454741 
0.4152397260273973, 1.7521179090075731 
0.7751712328767123, 1.0684216905550699 
0.6521689497716895, 1.121044804309288 
0.6126141552511416, 1.1953161462355593 
0.5299657534246576, 1.231512546673728 
0.7661529680365297, 0.7110843875468245 
0.7286529680365297, 0.7689081194670087 
0.6316210045662101, 0.9404585395462666 
0.8037671232876712, 0.5869965002359323 
0.795148401826484, 0.6408685687136056 
0.713755707762557, 0.8275317783632556 
0.7909246575342466, 0.571957791031493 
0.6453767123287671, 1.0635077206958634 
0.795148401826484, 0.631620701403852 
0.6988584474885845, 0.9471595334575942 
0.785958904109589, 0.5876898571232385 
0.7401255707762557, 0.6772705753102819 
0.7986301369863014, 0.5263822792457334 
0.7736301369863013, 0.6152732337335717 
0.7973173515981735, 0.534087292707752 
0.843892694063927, 0.45852239382947807 
0.7652397260273973, 0.6516969913434398 
0.8358447488584475, 0.45303957674672035 
0.7847602739726027, 0.6456774541173379 
0.8312785388127854, 0.4385636636585669 
0.8490296803652968, 0.44232749609657007 
0.09006849315068494, 2.3046111179712536 
0.12294520547945205, 2.298696966964472 
0.12226027397260274, 2.4891853521693537 
0.17220319634703196, 2.4952909604276874 
0.30176940639269406, 1.9681786837578277 
0.20565068493150684, 2.2394178286743895 
0.5323630136986301, 1.3924131852661645 
0.6554223744292238, 1.1424655290591497 
0.6257990867579909, 1.2581927842584655 
0.63087899543379, 0.992977715099507 
0.5812214611872146, 1.1542988282226876 
0.8074771689497717, 0.6534952736159453 
0.6408675799086758, 0.9460862698038578 
0.6986301369863014, 0.8786971947232798 
0.6313356164383561, 1.1203449379888422 
0.7319063926940639, 0.7935150018868669 
0.7553652968036529, 0.6944429748353559 
0.7518835616438356, 0.6740571781388551 
0.786244292237443, 0.6630706488034313 
0.779337899543379, 0.5937268986189926 
0.758675799086758, 0.7539629592587598 
0.8126712328767123, 0.5241276965370765 
0.6855593607305936, 0.9273952974206116 
0.7095319634703197, 0.8281984199434811 
0.789783105022831, 0.5926186055575026 
0.7861301369863014, 0.5681475756158104 
0.8134703196347032, 0.5303575918080206 
0.808675799086758, 0.5059537800307657 
0.8195776255707763, 0.531399638006372 
0.6779680365296804, 0.9496064679326338 
0.8042808219178083, 0.4959745870937096 
0.09994292237442923, 2.314286132547063 
0.20382420091324202, 2.4639238254901645 
0.13949771689497717, 2.5709935076546158 
0.1963470319634703, 2.525728509720033 
0.2708333333333333, 1.9667055106523574 
0.4278538812785388, 1.8251007634284941 
0.4991438356164384, 1.734081952329183 
0.6195205479452055, 1.3312053587087993 
0.5535958904109589, 1.6238231509963157 
0.5121575342465754, 1.296113532935419 
0.6520547945205479, 1.0453317225604086 
0.634417808219178, 1.0942197613051563 
0.7113584474885845, 0.938579687005612 
0.6761415525114155, 0.9447362218663641 
0.7565068493150685, 0.7167520681752683 
0.6975456621004567, 0.7541996007665756 
0.6791666666666667, 0.9137394893283358 
0.7755707762557078, 0.673207255516053 
0.7290525114155251, 0.8568722769594591 
0.7442922374429224, 0.7137234861774682 
0.827054794520548, 0.5001290374374692 
0.8531392694063927, 0.4449018202112363 
0.8062785388127854, 0.5154171583655783 
0.8156392694063926, 0.5451859766952579 
0.8562785388127854, 0.4301708377410596 
0.8124429223744293, 0.5078872292768344 
0.8051369863013699, 0.5052184069791779 
0.7997716894977169, 0.5606134531203185 
0.8897260273972603, 0.3593640678845151 
0.7986872146118722, 0.5103027525297377 
0.7317922374429223, 0.7348049351105347 
0.1093607305936073, 2.304195376441088 
0.1949200913242009, 2.4496705911562966 
0.19480593607305935, 2.8522077414904583 
0.175513698630137, 2.518586217909253 
0.24623287671232877, 2.669189364667896 
0.6547945205479452, 1.204030436399474 
0.5228881278538813, 1.4960086591916864 
0.607134703196347, 1.2012439202481615 
0.555079908675799, 1.4527312613482435 
0.6262557077625571, 1.1336593738132033 
0.6874429223744293, 0.9345245256643474 
0.6712899543378995, 0.9962608917878554 
0.68162100456621, 1.0571322503220146 
0.7087328767123288, 0.8633948921214912 
0.6206050228310502, 1.150361360961603 
0.7115867579908676, 0.8712305650154234 
0.7700342465753425, 0.7494411791331074 
0.7485730593607306, 0.7003188753428556 
0.7921803652968037, 0.5923490557763625 
0.7695205479452055, 0.6218753321565884 
0.7355593607305936, 0.6808063019952911 
0.7755707762557078, 0.6113086845089769 
0.754337899543379, 0.6784672225278354 
0.8758561643835616, 0.4037425300262132 
0.7813356164383561, 0.6703841481922062 
0.8409817351598173, 0.42528105470929317 
0.7930365296803653, 0.5388678777625978 
0.7587899543378995, 0.7399253545091509 
0.8066780821917808, 0.6295615043606559 
0.7534817351598173, 0.655099920036555 
0.7910388127853881, 0.5881835164210868 
0.06632420091324201, 2.3081780470805002 
0.10034246575342466, 2.8585331010622235 
0.18761415525114156, 2.47623109413599 
0.2533675799086758, 2.6085638033987735 
0.2440068493150685, 2.1139044906162465 
0.36095890410958903, 1.91035243005536 
0.34891552511415524, 2.0371070362830386 
0.445662100456621, 1.547554953047324 
0.6585616438356164, 1.0309877466798332 
0.586472602739726, 1.271053078674938 
0.5474885844748858, 1.4555418979014918 
0.6469178082191781, 1.2221772966850806 
0.4829337899543379, 1.9825519540632046 
0.6941780821917808, 0.8810218338382888 
0.6567351598173516, 0.9771583126606506 
0.7893835616438356, 0.6645590043165878 
0.6546232876712329, 0.9329412938643833 
0.632420091324201, 0.9515039763128303 
0.7676369863013699, 0.6934903085149416 
0.6744292237442923, 0.9921003576961936 
0.8459474885844749, 0.5000758895421954 
0.7930365296803653, 0.6097825961441528 
0.7662671232876712, 0.7325089912424404 
0.754337899543379, 0.71616099967003 
0.8623287671232877, 0.4218239421721093 
0.8025684931506849, 0.5070890797909875 
0.7512557077625571, 0.7014168059521738 
0.7517123287671232, 0.8018568808242381 
0.8569063926940639, 0.4330567223712774 
0.8146689497716895, 0.5222093968698185 
0.7102739726027397, 0.88462137616246 
0.050570776255707765, 2.3073006156849094 
0.18949771689497716, 2.44942475430907 
0.09697488584474886, 2.829112714410376 
0.20142694063926941, 2.8746233162160673 
