6.2314934730529785 
19.251527070999146 
5.742916822433472 
5.766528367996216 
5.820578336715698 
5.722811937332153 
5.678430080413818 
5.417771577835083 
5.716002702713013 
5.6918556690216064 
5.66777491569519 
5.597037315368652 
5.732201099395752 
5.80109977722168 
5.598315477371216 
5.906315565109253 
5.6668455600738525 
5.583673477172852 
5.693655729293823 
5.602179527282715 
5.615616083145142 
5.546940565109253 
5.696632146835327 
5.833251237869263 
5.941472768783569 
5.662285804748535 
5.769324541091919 
5.53513503074646 
5.695648431777954 
5.74726128578186 
5.657159090042114 
5.808729648590088 
5.686796426773071 
5.849709510803223 
5.637729644775391 
5.938178062438965 
5.745543718338013 
5.6869964599609375 
5.670122861862183 
5.971605539321899 
5.518874406814575 
5.640695095062256 
5.962501764297485 
5.806100845336914 
5.706153392791748 
5.539416790008545 
5.759017467498779 
5.854590654373169 
5.809410095214844 
5.682251930236816 
18.82807421684265 
5.796255826950073 
5.522238731384277 
5.691822528839111 
5.726179838180542 
5.490336179733276 
5.5253236293792725 
5.752967357635498 
5.58098292350769 
5.609991073608398 
5.781813383102417 
5.419663429260254 
5.902875185012817 
5.715833425521851 
5.68280553817749 
5.583383798599243 
5.652371644973755 
5.503530502319336 
5.666106224060059 
5.5844995975494385 
5.601154088973999 
5.683020114898682 
5.889706134796143 
5.626406669616699 
5.640627861022949 
5.548830509185791 
5.489382266998291 
5.417761325836182 
5.7335426807403564 
5.6343677043914795 
5.760758876800537 
5.745595932006836 
5.72870659828186 
5.944181442260742 
5.740886449813843 
5.397705316543579 
5.9046385288238525 
5.718263626098633 
5.674921274185181 
5.8164074420928955 
5.68488883972168 
5.75863242149353 
5.612698554992676 
5.74007773399353 
5.584070444107056 
5.555118799209595 
5.70196533203125 
5.889480352401733 
5.84362268447876 
5.683760643005371 
19.207841157913208 
5.247439384460449 
19.164264917373657 
5.93380880355835 
5.655759572982788 
5.809776782989502 
5.527127027511597 
5.739729881286621 
5.542491436004639 
6.056284427642822 
5.749477386474609 
5.749434471130371 
5.71541953086853 
5.751563787460327 
5.608496427536011 
5.772309064865112 
5.573652267456055 
5.649704694747925 
5.580331325531006 
5.661146640777588 
5.421360969543457 
5.826943635940552 
5.636131525039673 
5.781793594360352 
5.677359342575073 
5.701668739318848 
5.875080108642578 
5.726538896560669 
5.795228719711304 
5.768061876296997 
5.47899603843689 
5.679962635040283 
5.628693103790283 
5.579087495803833 
5.677661418914795 
5.535850286483765 
5.503855466842651 
5.588261604309082 
5.537185907363892 
5.686849594116211 
5.689702987670898 
5.75104546546936 
5.738832712173462 
5.672482252120972 
5.765533447265625 
5.6138105392456055 
5.67569375038147 
5.573568820953369 
5.505431413650513 
5.837013244628906 
5.493715524673462 
19.55160427093506 
5.672837972640991 
5.56262469291687 
5.578649282455444 
5.740935325622559 
5.771883964538574 
5.54323410987854 
5.620246887207031 
5.740149736404419 
5.7603607177734375 
5.890773057937622 
5.709254741668701 
5.844775438308716 
5.814498424530029 
5.705981969833374 
5.817817211151123 
5.856297492980957 
5.509139537811279 
5.888156175613403 
5.810398817062378 
5.968540668487549 
5.718913316726685 
5.685650110244751 
5.380657196044922 
5.9022603034973145 
5.846056699752808 
5.855314493179321 
5.568195819854736 
5.60722804069519 
5.656978130340576 
5.575656414031982 
5.714803457260132 
5.623188257217407 
5.817543983459473 
5.842241048812866 
5.477210521697998 
5.6170337200164795 
5.714827299118042 
6.02047872543335 
5.777114629745483 
5.490156650543213 
5.764665126800537 
5.638729810714722 
5.841659784317017 
5.671458721160889 
5.918909788131714 
5.8133604526519775 
5.810219764709473 
5.837581157684326 
5.550027847290039 
19.313304662704468 
5.256687879562378 
19.53478693962097 
5.688695192337036 
5.720557451248169 
5.823739051818848 
5.742651462554932 
5.638286113739014 
5.745081186294556 
5.739690780639648 
5.710025310516357 
5.486822605133057 
