acc, loss, temp
0.05917564563023773, 2.3126670848116757 
0.08847842198278319, 2.534290324618268 
0.08847842198278319, 2.835175705500933 
0.09953822473063109, 2.741971322469984 
0.10010831765577789, 2.7372930940703513 
0.10193261501624765, 2.377049975885593 
0.18573627501282708, 2.5438833838349826 
0.20774186192349353, 2.6267469833290735 
0.29017729889972066, 2.153415205990579 
0.2271250213784847, 2.3467279247022392 
0.31908101020466334, 2.062805605943175 
0.4545350892195428, 1.8837484245408354 
0.48925374836098284, 1.4448406827731395 
0.48606122798016077, 1.5164227876343608 
0.46776124508294853, 1.3995176206523703 
0.46542386408984665, 1.4118541274981693 
0.6414685593751781, 1.173136944189848 
0.5341200615700359, 1.2766896144531499 
0.6367367880964597, 1.1641633612575413 
0.6404423921099139, 1.082265623858932 
0.675332079128898, 0.9602146058407561 
0.600364859472094, 1.0764533597886539 
0.7007012142979305, 1.0039530099582965 
0.7608460179009179, 0.7827342544924322 
0.6339433327632404, 0.9677166488023043 
0.6603956444900518, 0.9786211513072275 
0.6565190125990537, 0.9587193633767215 
0.7037797160937233, 0.8183581829324579 
0.6848526309788495, 0.9207036730642687 
0.7817684282538053, 0.6545676225737318 
0.7655777891796363, 0.6430575873685594 
0.06538965851433784, 2.3064103767101245 
0.08847842198278319, 2.4294435444962437 
0.19120916709423635, 2.8059359128744883 
0.10409896813180548, 2.452269682917184 
0.1011914942135568, 2.4135307002965014 
0.23670258252095092, 2.335153176524897 
0.09953822473063109, 2.39435340903967 
0.09839803888033749, 2.4167893545994357 
0.2861296391311784, 2.0218328215097405 
0.3504361210877373, 1.980099952058369 
0.21275867966478537, 2.047157319443272 
0.2882389829542215, 1.8917827591091103 
0.34382304315603446, 1.8534449604913144 
0.4688444216407274, 1.6364768153592724 
0.5559546206031584, 1.3617785991508808 
0.2288353001539251, 2.246702306356409 
0.43281454877144976, 1.5064822803830056 
0.45043042015848583, 1.3377164531243735 
0.4686733937631834, 1.371616521490005 
0.6337152955931817, 1.0876100164751745 
0.4825266518442506, 1.3266900177338181 
0.6270452083689642, 1.0452527426739835 
0.7178040020523345, 0.8932262734093798 
0.7062881249643692, 0.8885927232927088 
0.7158656861068354, 0.8732039619391719 
0.7061170970868251, 0.8432799434296133 
0.7967618721851661, 0.6988706854611152 
0.7176899834673052, 0.8509063311048183 
0.720027364460407, 0.7971753081725704 
0.5998517758394618, 1.1301782711700394 
0.7532637819964654, 0.7641330567797221 
0.13955874807593638, 2.2978147530889976 
0.2092811128213899, 2.395176130016958 
0.09953822473063109, 2.30630505071255 
0.10141953138361554, 2.5879962668094705 
0.20962316857647798, 2.613956435481761 
0.27894646827432873, 2.4033573799497776 
0.16732227353058549, 3.0948370042691105 
0.27432871558063965, 2.1663661372966083 
0.23014651388176272, 2.17054229919801 
0.4074454136024172, 1.9024592771144615 
0.21902970184140014, 2.1552805098023002 
0.13214754004902798, 2.0832411653739786 
0.5297873553389203, 1.5280702517956168 
0.28333618379795905, 2.3290884589298124 
0.5243714725500257, 1.2958889190806568 
0.47990422438857533, 1.5264389744407274 
0.6011059802747848, 1.2232001190888853 
0.6027592497577106, 1.1828730005076231 
0.6048685935807536, 1.1526681620299255 
0.7391254774528249, 0.9200247561726136 
0.6943161735362864, 0.9296184936583054 
0.6106265321247364, 1.1173859332354221 
0.7396385610854569, 0.7895117559619942 
0.5683826463713585, 1.1440653629323412 
0.7154666210592326, 0.8437362273216723 
0.7009292514679892, 0.9076378597585126 
0.7929992588791973, 0.6865875029523982 
0.6617068582178895, 0.9430012117825565 
0.6718545122855025, 0.9343247299008529 
0.714326435208939, 0.7818974223187677 
0.7422039792486175, 0.8342241731538312 
0.14508864944986033, 2.299637241145574 
0.08847842198278319, 2.939285188850387 
0.1159569009748589, 2.5242951005348115 
0.1320905307565133, 2.5006857805021303 
0.12365315546434069, 2.528681464231424 
0.34194173650305, 2.3064726311573946 
0.1788951599110655, 2.6459746272922913 
0.24713528305113733, 2.259088777639551 
0.26475115443817343, 2.2119606887227357 
0.4005472892081409, 2.0694448956777935 
0.1037569123767174, 2.5013733756262897 
0.4559033122398951, 1.6880949770125635 
0.44849210421298674, 1.6048719538924834 
0.5603443361267887, 1.3259148883835605 
0.3667407787469357, 1.670589109820827 
0.6173536286414686, 1.2995928096260703 
0.47922011287839916, 1.359925085636128 
0.5711761017045779, 1.204719211301291 
0.5858274898808505, 1.2404518306129424 
0.6560059289664215, 1.0835512673361747 
0.6864488911692606, 0.9776437415283324 
0.7634114360640785, 0.7863992769131625 
0.617809702981586, 1.0959576099657777 
0.7288067955076678, 0.7634384422773176 
0.7188871786101134, 0.8251821569172264 
0.7363320221196055, 0.7891341533393115 
0.627957357049199, 0.9118165264400847 
0.6673507781768429, 0.8562284200572998 
0.6684339547346217, 0.9199605302444107 
0.6071489652813409, 1.0309298142095098 
0.7801151587708797, 0.7474969507160893 
0.060600877943104724, 2.309761494117665 
0.10010831765577789, 2.3605055436077014 
0.09931018756057237, 2.415665159601842 
0.1791802063736389, 2.7087862749165668 
0.2268399749159113, 2.8831164226184907 
0.16139330710905878, 2.578958514511917 
0.16772133857818824, 2.401968954780268 
0.2680006841115102, 2.029138177112446 
0.419588392908044, 1.8008511258002684 
0.4710107747562853, 1.6160470961133602 
0.551735932957072, 1.4529580726879032 
0.42152670885354315, 1.7679189900753707 
0.47420329513710735, 1.4232595717097647 
0.42853885183284873, 1.601324231374028 
0.4072173764323585, 1.7790641711195971 
0.45898181403568783, 1.5901943523603481 
0.600364859472094, 1.131167139437687 
0.4139444729490907, 1.8071034160525463 
0.5846302947380423, 1.0437252266618324 
0.715409611766718, 0.881201432148234 
0.7245310985690667, 0.8041600378322148 
0.630807821674933, 0.9715335192246459 
0.7817114189612907, 0.7246845888998056 
0.7552020979419646, 0.7367510225688951 
0.736788096459723, 0.7395601413130978 
0.7774357220226897, 0.6808577860269673 
0.7599908785131977, 0.6707515286069577 
0.7719058206487658, 0.6314207701299025 
0.7239039963514052, 0.7686282459056942 
0.7334815574938714, 0.7960999109566752 
0.7793740379681888, 0.6467367546662934 
0.06630180719457271, 2.3062928673491636 
0.11846530984550482, 2.3806908833721856 
0.14246622199418504, 2.4052499256139526 
0.08847842198278319, 3.3383683952622207 
0.15227182030671, 2.5547836360648426 
0.14326435208939056, 2.296729049894158 
0.3890314121201756, 2.281416618643142 
0.211219428766889, 2.4023969442722595 
0.3016361666951713, 2.0418357485477814 
0.2092811128213899, 2.2518016873834363 
0.43914258024057923, 1.5116924648896641 
0.4464967789749729, 1.5527432888620345 
0.5064705547004161, 1.4729726653662711 
0.3523174277407217, 2.23282732117856 
0.39000057009292516, 1.9453664018091266 
0.4831537540619121, 1.4722634984074088 
0.6245367994983182, 1.0486123726782104 
0.5690667578815347, 1.2333314928693175 
0.5332649221823157, 1.2098009327023402 
0.6627900347756684, 0.9621178344277004 
0.6442050054158828, 1.0362551038552148 
0.7215096060657887, 0.8328446570611433 
0.6577732170343766, 0.8891175642040107 
0.7077703665697509, 0.7981264994517098 
0.7015563536856507, 0.7857722248245315 
0.5937517815403911, 0.9570208862252192 
0.6659255458639758, 0.9010835850716141 
0.7282367025825209, 0.7555643576098059 
0.7660338635197537, 0.6889433446933183 
0.7514394846359956, 0.7062626443508192 
0.8151758736674077, 0.6111457176892499 
0.09378028618664842, 2.3045994215284495 
0.08853543127529788, 2.3474411302091798 
0.09953822473063109, 2.6358217306482326 
0.09931018756057237, 2.480326671803641 
0.10620831195484864, 2.57256255201124 
0.21104840088934496, 2.5185723547539878 
0.1066073770024514, 2.3055032230005033 
0.2786614218117553, 2.2650721933394355 
0.24787640385382817, 2.335110867506532 
0.2577390114588678, 2.134241457999222 
0.3963286015620546, 1.7945056965112092 
0.32768941337438, 1.773047349012033 
0.29126047545749956, 2.107033618912029 
0.5636508750926401, 1.4113783641307487 
0.527506983638333, 1.2961483689503315 
0.5291032438287441, 1.2893592219249586 
0.5608574197594208, 1.3059344537776527 
0.5466621059232655, 1.202309212802092 
0.5549854626304087, 1.1764910574197562 
0.5482583661136765, 1.1483171162617076 
0.5829770252551166, 1.2485851293473285 
0.7236759591813465, 0.8853367271124658 
0.5900461775269369, 1.0366075861852437 
0.7594207855880508, 0.7757835110062091 
0.7322273530585486, 0.8364344573828701 
0.6713984379453851, 0.9004493475765911 
0.6489367766946013, 1.0192792415577758 
0.629040533606978, 0.9948618408723227 
0.6743629211561485, 0.8530153421848666 
0.6052106493358418, 0.9894805055727639 
0.7407217376432359, 0.7359404494395343 
0.09081580297588507, 2.309939594994082 
0.10307280086654125, 2.5335957660587134 
0.11099709252608175, 3.1087323783832295 
0.10193261501624765, 2.6445589307885218 
0.20682971324325866, 2.2660949101300623 
0.12832791745054445, 2.423481688198165 
0.09953822473063109, 2.311496728746818 
0.2449689299355795, 2.3570443353910284 
0.3669688159169945, 1.9790440688257784 
0.40653326492218234, 1.8443967302449495 
0.4148566216293256, 1.6646971376822048 
0.2842483324781939, 1.7405577477404681 
0.521635026509321, 1.5100550324651956 
0.4028846702012428, 1.7184949988853069 
0.4780799270281056, 1.4522757589207493 
0.5491135055013967, 1.2479785212691403 
0.3530015392508979, 1.7584152493610854 
0.46109115785873095, 1.4348774416655137 
0.6416395872527222, 1.0449953969809116 
0.6349695000285046, 1.091718453819489 
0.6749330140812952, 1.0173549496706282 
0.7024685023658856, 1.0218569139536096 
0.7129012028960721, 0.8717267305876567 
0.640784447865002, 1.0376535694039564 
0.6485947209395131, 0.9919936488521492 
0.705090929821561, 0.8526860084700367 
0.6985348611823727, 0.8967944665479098 
0.7294909070178439, 0.7482388436240531 
0.6896984208425974, 0.9087366426137509 
0.7406077190582064, 0.7830860418610422 
0.7778347870702924, 0.6528607371876873 
0.09742888090758793, 2.303479032413914 
0.09748589020010262, 2.4180786801501752 
0.10193261501624765, 2.6260981508699697 
0.11099709252608175, 2.8874753703935054 
0.20791288980103756, 2.3240408753739774 
0.3473006099994299, 2.067810174861155 
0.3585884499173365, 2.036183265628251 
0.2052904623453623, 2.3541643568512254 
0.4599509720084374, 1.861000477841268 
0.390741690895616, 1.8651823131301386 
0.42631548942477626, 1.6807325950351355 
0.45356593124679323, 1.5538981409712307 
0.49176215723162875, 1.5248972570310062 
0.4906219713813352, 1.5739790887672211 
0.5106322330539877, 1.221766434492558 
0.4442164072743857, 1.4086296382282 
0.5139387720198393, 1.2770663304803511 
0.6450031355110883, 0.960420385984672 
0.5155920415027649, 1.2434712411509907 
0.6001938315945499, 1.070223676722582 
0.5625106892423465, 1.0791572327953636 
0.5736845105752237, 1.0937528551066273 
0.7379852916025312, 0.8230931528545065 
0.7123311099709253, 0.811282472588574 
0.7395815517929423, 0.7867226696542613 
0.791973091613933, 0.6523243531267084 
0.7801151587708797, 0.6772334797641243 
0.7509834102958782, 0.691952477159547 
0.8102160652186307, 0.6332437361160228 
0.7642095661592839, 0.6709212642551163 
0.6966535545293883, 0.8506911268712825 
0.125021378484693, 2.3033638573297273 
0.09862607605039621, 2.4531095383925976 
0.10877373011800924, 2.6330067376749793 
0.09839803888033749, 2.312480726831816 
0.27290348326777264, 2.4042366499266197 
0.2716492788324497, 2.253998723281009 
0.0955475742546035, 2.2397837490387102 
0.32791745054443877, 2.264072957716772 
0.38772019839233796, 1.8999629369710627 
0.2621287269824982, 2.372746419464189 
0.3027763525454649, 1.9729621079379225 
0.46143321361381906, 1.5360273600443095 
0.4321304372612736, 1.4865410685115705 
0.49284533378940765, 1.5260894943135288 
0.4709537654637706, 1.4555301951490942 
0.5347471637876974, 1.3105615312020724 
0.5226611937745853, 1.331185348359115 
0.40716036713984377, 1.6634780333531418 
0.6239667065731714, 1.129056943111538 
0.6971666381620204, 0.9155862557519151 
0.5813237557721909, 1.1530089892775381 
0.6555498546263041, 0.986946693011843 
0.6663246109115786, 0.9735906472075848 
0.7118180263382932, 0.90814027845622 
0.6690040476597685, 0.899406429491787 
0.7223647454535089, 0.7355337709278607 
0.6749330140812952, 0.8413279521931338 
0.7026965395359444, 0.8655877158300465 
0.6294966079470954, 0.9998360942170633 
0.6872470212644661, 0.8139206564565163 
0.7419759420785588, 0.7147968077333867 
0.10837466507040648, 2.3055051084624294 
0.11954848640328374, 2.471026265302958 
0.10307280086654125, 2.773054842931056 
0.09862607605039621, 2.976073086753971 
0.19970355167892367, 2.8885464353824224 
0.11099709252608175, 3.1875507244570187 
0.32176044695285333, 2.2045566694553784 
0.16692320848298273, 2.363659372033463 
0.36394732341371644, 2.0023708218733316 
0.2700530186420387, 2.288405773707274 
0.26657545179864317, 2.3222791740403586 
0.5049883130950344, 1.6954594152529363 
0.47505843452482754, 1.5328101874655569 
0.42203979248617524, 1.6004109332502168 
0.43988370104327007, 1.5346291540281796 
0.5183854968359842, 1.2948145653407885 
0.5769340402485605, 1.302136785362008 
0.5354882845903882, 1.4829076966895025 
0.6231685764779659, 1.2438161070715255 
0.6634171369933299, 1.0024678737400177 
0.6192919445869677, 1.0054982279296603 
0.6260190411036999, 1.0505430438409649 
0.6828573057408358, 0.954594409363339 
0.7052049484065903, 0.8370235542947756 
0.7150675560116299, 0.9056664722986285 
0.6626760161906391, 1.0073571988199546 
0.7372441707998404, 0.8453569099903021 
0.7367310871672083, 0.7615314079761585 
0.7593067670030215, 0.6733450342791768 
0.7110198962430876, 0.8110351396139442 
0.6713414286528704, 1.0309875234671086 
0.09087281226839974, 2.301741316287834 
0.09839803888033749, 2.374494311904321 
0.11099709252608175, 3.3410681650094047 
0.23351006214012884, 2.22448242509665 
0.1817456245367995, 2.5353099577757043 
0.4536229405393079, 2.106202297643849 
0.3939342112764381, 2.0146501486581188 
0.18111852231913803, 2.1692856059454213 
0.44119491477110767, 1.7032118578583992 
0.4868593580753663, 1.8338510882254637 
0.39541645288181976, 1.8234570144044475 
0.48634627444273415, 1.588608896974721 
0.4515706060087794, 1.5521330804545637 
0.5286471694886267, 1.4654764617550549 
0.474089276552078, 1.4362792914641356 
0.5541873325352032, 1.269974553985126 
0.6197480189270851, 1.209222830989401 
0.611937745852574, 1.231082813278061 
0.578986374779089, 1.238937325339921 
0.699561028447637, 0.9090579567719999 
0.6855367424890257, 0.8953655917697916 
0.682629268570777, 0.8885199477406377 
0.5646200330653897, 1.1744684866090145 
0.4814434752864717, 1.419311412951378 
0.6756741348839861, 0.9755977066476109 
0.7305170742831082, 0.7920464277993626 
0.6763582463941622, 0.969263472042628 
0.7623852687988142, 0.6820121217334462 
0.7118750356308078, 0.8297792690157187 
0.7362750128270908, 0.7977371323173706 
0.7709366626760162, 0.6802669951049402 
0.1031868194515706, 2.299844758167637 
0.11014195313836156, 2.47483463481495 
0.09953822473063109, 2.685378268489871 
0.12787184311042699, 2.705052482365234 
0.12827090815802974, 2.7238677863724887 
0.2095661592839633, 2.4859054605311113 
0.19155122284932444, 2.4153374031726975 
0.26321190354027707, 2.0681580875390133 
0.3135511088307394, 2.0132939648967065 
0.1409839803888034, 2.2108248830391073 
0.39969214982042073, 1.80396837924432 
0.39860897326264183, 1.8359985160082435 
0.4028276609087281, 1.651466679222208 
0.5933527164927883, 1.4065224425747365 
0.4153697052619577, 1.503381336895906 
0.530357448264067, 1.2606535545561555 
0.47135283051137333, 1.3924157718650456 
0.6674647967618722, 1.036379180844306 
0.6090302719343252, 1.061184296379714 
0.6416395872527222, 1.0411777452327666 
0.5679265720312411, 1.2135159719782067 
0.708283450202383, 0.9734053190458449 
0.6456302377287498, 1.12185927562842 
0.6336012770081523, 1.090990246056978 
0.6300667008722421, 1.0178406916734741 
0.6752750698363833, 0.9998659023943793 
0.712217091385896, 0.8306271395017701 
0.8016646713414286, 0.6070841021480946 
0.7597058320506243, 0.6704016015191502 
0.6984208425973434, 0.8397969747811237 
0.7368451057522376, 0.6849585735332632 
0.07217376432358474, 2.3063547935874125 
0.09742888090758793, 2.3378018106222838 
0.15512228493244398, 3.017546579215997 
0.11099709252608175, 2.942288760977971 
0.1584858331908101, 2.6680553021485 
0.10307280086654125, 2.5462147271379023 
0.2322558577048059, 2.3124323916659604 
0.29981186933470155, 2.424906446639787 
0.18020637363890313, 2.475931211009647 
0.14383444501453738, 2.503409016694976 
0.2622427455675275, 1.934888369249066 
0.304714668490964, 2.078930572433666 
0.18556524713528305, 2.3795534907878646 
0.318966991619634, 1.9508198068470237 
0.4158257796020751, 1.6836088254592778 
0.429565019098113, 1.67315728911196 
0.585200387663189, 1.2936410453547573 
0.4939855196397013, 1.3357476661254 
0.6197480189270851, 1.1189951965020513 
0.3980958896300097, 1.4336325677996384 
0.46776124508294853, 1.390762350438812 
0.699732056325181, 0.880580643371151 
0.6018471010774756, 1.1726495372948855 
0.663759192748418, 0.9480708869761141 
0.6371928624365771, 1.127058031626256 
0.710962886950573, 0.8280165020556377 
0.6964825266518443, 0.841530093530614 
0.6740208654010603, 0.8452726159517895 
0.7443133230716606, 0.7376519318112708 
0.7967048628926515, 0.6670909077333316 
0.7876973946753321, 0.6146052231958853 
0.09509149991448607, 2.3047858548297153 
0.08847842198278319, 2.3926112965931243 
0.08847842198278319, 2.632915098206517 
0.23584744313323072, 2.324535583153965 
0.09742888090758793, 2.6200905001184087 
0.08847842198278319, 3.151978278402772 
0.10010831765577789, 2.487066940128494 
0.16920358018356993, 2.2532939027293026 
0.2765520779887122, 2.1101265557100293 
0.31885297303460464, 1.9559391434096045 
0.18989795336639873, 2.8639032079766493 
0.24958668262926856, 2.615280812435583 
0.2765520779887122, 1.9294854113018305 
0.47654067613020923, 1.5244036863023382 
0.5596602246166125, 1.3742367919196041 
0.5492845333789408, 1.2369775722228635 
0.5268798814206715, 1.289083030541301 
0.5683826463713585, 1.1837757716207749 
0.637762955361724, 1.0597463135292926 
0.6508180833475856, 0.9819042274164294 
0.7062311156718545, 0.9082634866850056 
0.5247705375976284, 1.2158653809044553 
0.5996237386694031, 1.0582714091756762 
0.7384413659426486, 0.9001129492462706 
0.735191836269312, 0.8664919562068675 
0.7428880907587937, 0.789960493343475 
0.6562339661364802, 1.0514792250914688 
0.6860498261216579, 0.8359419027923256 
0.7874693575052734, 0.6631898824386664 
0.7896357106208312, 0.6254106152046844 
0.7565133116698022, 0.6936929449732379 
0.10426999600934952, 2.308301886739304 
0.09839803888033749, 2.578158969828326 
0.11099709252608175, 3.216524794377245 
0.09839803888033749, 2.4709986722329678 
0.09742888090758793, 3.0464843664914283 
0.3320221196054957, 2.6020609023407553 
0.31280998802804855, 2.292739755056036 
0.1672652642380708, 2.4795689328242934 
0.2716492788324497, 2.0660104492369094 
0.31258195085798984, 2.0723369438691264 
0.5170742831081466, 1.7123457802356217 
0.2474773388062254, 2.085738621188522 
0.3745510518214469, 1.6311916671543083 
0.48782851604811583, 1.402201603688135 
0.37244170799840376, 1.7029783670020144 
0.46513881762727327, 1.5383738512747436 
0.6296676358246395, 1.2944809157506494 
0.42004446724816147, 1.46560771786183 
0.46416965965452367, 1.4326126027851582 
0.5449518271478251, 1.3134316312925776 
0.5269368907131863, 1.246917374870651 
0.6786956273872641, 0.9515751775040069 
0.6690040476597685, 0.9246241143357852 
0.7016703722706801, 0.9255405480740726 
0.6236246508180834, 1.1611036557156185 
0.7810273074511145, 0.7165686239121581 
0.6528134085855994, 1.0065740860972874 
0.8272618436805199, 0.6243221996702999 
0.7538338749216122, 0.7533814383544413 
0.7335955760789009, 0.8431168615321509 
0.7208825038481272, 0.803287148012758 
0.07599338692206829, 2.2990807240128817 
0.11601391026737358, 2.5163893544882256 
0.09742888090758793, 2.6430981401887075 
0.2733595576078901, 2.3931266262180086 
0.09742888090758793, 2.597059683491132 
0.10461205176443761, 2.4227441909424465 
0.18442506128498945, 2.53974062849973 
0.12479334131463428, 2.4614319593796052 
0.19297645516219145, 2.732175121695198 
0.2630978849552477, 2.0525080558633033 
0.24913060828915112, 2.0573753232756298 
0.30152214811014194, 1.9996529702309662 
0.5378256655834901, 1.7368301868450167 
0.4659369477224788, 1.6402293513163235 
0.3811641297531498, 1.571796508285943 
0.44244911920643065, 1.7160030064511624 
0.6154153126959695, 1.2240576241455152 
0.6219713813351576, 1.1591504439826041 
0.5508807935693518, 1.3315858270093692 
0.6362237044638276, 1.1071299375411368 
0.3532295764209566, 1.5621519592281738 
0.5708340459494897, 1.1570123511920833 
0.6716264751154438, 1.0174693390773546 
0.6969956102844763, 0.9894432989915857 
0.587708796533835, 1.1105254271175173 
0.7085114873724417, 0.9111225306272324 
0.5450088364403398, 1.161444736514058 
0.6424377173479278, 0.9089889178019992 
0.7968758907701955, 0.6272239979204138 
0.6670657317142694, 0.963963389475813 
0.6827432871558063, 0.9028578301777572 
0.07975600022803717, 2.307352879373863 
0.10193261501624765, 2.6516590819309376 
0.17251011914942135, 2.418420757925943 
0.1588278889458982, 2.4448236022591705 
0.20323812781483383, 2.4795178474426636 
0.16122227923151475, 2.2666180759628287 
0.3811641297531498, 2.1080871293199985 
0.19212131577447125, 2.3073472018053693 
0.38817627273245536, 1.8499708400707637 
0.36753890884214124, 1.9255339365208564 
0.3633772304885696, 2.1101718859753134 
0.4749444159397982, 1.4493561189372 
0.536058377515535, 1.4755521904135565 
0.5550424719229234, 1.2386676332578335 
0.6115956900974859, 1.1605559475283511 
0.584858331908101, 1.122252019995436 
0.474260304429622, 1.3488161232145741 
0.6841115101761587, 0.9816410534279874 
0.6367367880964597, 1.02998440614711 
0.7058320506242518, 0.8860481750775956 
0.6744199304486631, 0.9977554247836382 
0.6557778917963628, 1.008758235164738 
0.7395245425004275, 0.7952703432211645 
0.72396100564392, 0.8216972097204306 
0.7477908899150562, 0.7703003486200226 
0.7317712787184311, 0.820687705492456 
0.7245881078615815, 0.8519765347702383 
0.6703152613876062, 0.9639147855886957 
0.6847386123938202, 0.9026451516947998 
0.5860555270509094, 1.0980559673341141 
0.689755430135112, 0.8137174119392314 
0.10153354996864489, 2.30737342279521 
0.17194002622427457, 2.3168829560897986 
0.09862607605039621, 2.66713366746353 
0.20181289550196682, 2.50562531527526 
0.2813408585599453, 2.360085255792463 
0.2589362066016761, 2.17042074646262 
0.09953822473063109, 2.9184886804292316 
0.11213727837637535, 2.492606543352216 
0.321646428367824, 1.888167653531151 
0.38144917621572316, 1.8675637174206685 
0.31685764779659087, 1.9823519716124078 
0.18807365600592896, 1.8298449685368905 
0.4232939969214982, 1.6091286535094904 
0.3074511145316687, 1.6637423333586898 
0.5495695798415142, 1.3101322228879178 
0.2940539307907189, 1.943790406832911 
0.6185508237842768, 1.2509131134658142 
0.6475115443817342, 1.1984060038698883 
0.5937517815403911, 1.2114085656486484 
0.5642209680177869, 1.465560289218933 
0.5667293768884328, 1.2769730873785117 
0.7692833931930905, 0.7640168553256521 
0.7839917906618779, 0.7180077626826165 
0.7027535488284591, 0.8041896769819509 
0.697964768257226, 0.8912812051212511 
0.6902685137677441, 0.8704174253671062 
0.6706003078501795, 0.8655251084066912 
0.6696881591699447, 0.8605095972123248 
0.8253805370275354, 0.5981416505850338 
0.7625562966763583, 0.6852683111954074 
0.7439712673165726, 0.6999442169504658 
0.09948121543811642, 2.3017208496073236 
0.10466906105695228, 2.407846763721464 
0.09953822473063109, 2.4135973869048635 
0.19035402770651616, 2.4203495619185764 
0.21925773901145887, 2.3934092746029116 
0.12924006613077932, 2.1433200377041577 
0.17279516561199476, 2.539068332532557 
0.26600535887349636, 2.1899368159025077 
0.13995781312353914, 2.3289076731006726 
0.2072857875833761, 2.4018086901387807 
0.3975257967048629, 1.7527408045760404 
0.5396499629439598, 1.4758547762945788 
0.49968644889116925, 1.46379485317984 
0.4199304486631321, 1.4785813095388975 
0.5724873154324155, 1.3183325900382676 
0.7054899948691636, 1.031871121052659 
0.5884499173365259, 1.1776593486077844 
0.6425517359329571, 1.1088443091423585 
0.6345134256883872, 1.1347686248095086 
0.6801778689926458, 0.8730195793680045 
0.6843395473462174, 0.9756696639431914 
0.6477395815517929, 1.0117132362591423 
0.7431731372213671, 0.7686962061848714 
0.6910666438629497, 0.8219756682553448 
0.7924291659540506, 0.6753880451180274 
0.7282367025825209, 0.7574600993135319 
0.7002451399578131, 0.814457087401413 
0.7092526081751326, 0.8080001877889463 
0.7148965281340859, 0.8733612656273522 
0.6771563764893678, 0.9595208293950607 
0.7419189327860441, 0.7782397052008084 
0.10392794025426144, 2.3092779979518996 
0.1312924006613078, 2.4395181729556823 
0.09862607605039621, 2.583727478111044 
0.14383444501453738, 2.6970407783538706 
0.09742888090758793, 3.1608108037266045 
0.08882047773787127, 2.7134534150894303 
0.11470269653953595, 2.6505739811900164 
0.297417479049085, 2.1846426824175373 
0.28139786785245996, 2.3390176844374793 
0.3437660338635197, 1.968182639320638 
0.4736902115044752, 1.6379079039355078 
0.4110940083233567, 1.7181388085837874 
0.4349238925944929, 1.7800001096998475 
0.6012770081523289, 1.425546455230483 
0.6431218288581039, 1.3324219380564943 
0.5062995268228722, 1.479817438632785 
0.7194572715352603, 0.9744393348998625 
0.5430705204948406, 1.1853115938200371 
0.6268171711989055, 1.1194957296122727 
0.5690667578815347, 1.2472499854832642 
0.706858217889516, 0.890693731423212 
0.7201983923379511, 0.9008785261616429 
0.754232939969215, 0.8095682794501852 
0.7465366854797332, 0.804625754264479 
0.8163730688102161, 0.6639812983327803 
0.7036656975086939, 0.8483600817704461 
0.6904965509378028, 0.8947342177332953 
0.7805712331109971, 0.6505774044399014 
0.8073656005928966, 0.6278437369152337 
0.7944244911920643, 0.6443778860384703 
0.7126731657260134, 0.7202030071830947 
0.12217091385895901, 2.311203835677661 
0.10307280086654125, 2.341394790834764 
0.20346616498489253, 2.3786198033786494 
0.20477737871273016, 2.4257482224562037 
0.16452881819736617, 2.3662236141041277 
0.13340174448435094, 2.636798952903083 
0.17051479391140756, 2.126770466926667 
0.16931759876859928, 2.291772745479566 
0.31674362921156146, 1.992723734835093 
0.2769511430363149, 2.2574129435519055 
0.26269881990764493, 2.1072566583738324 
0.3277464226668947, 2.0360561664578767 
0.5787013283165156, 1.526195862121767 
0.4423351006214013, 1.75963272180087 
0.5733994641126504, 1.5349866807380657 
0.5559546206031584, 1.4547013585855109 
0.6774414229519412, 1.0281649967582207 
0.6903255230602588, 0.9307676886362354 
0.6723675959181347, 1.0375954680765789 
0.7409497748132946, 0.8516642418419054 
0.5264238070805541, 1.3840632435268487 
0.5774471238811927, 1.0759588982147976 
0.8181973661706858, 0.6667057300311648 
0.7596488227581095, 0.7221721482313118 
0.663759192748418, 0.9020223827137956 
0.6521292970754233, 1.0007741779014927 
0.6129639131178382, 1.0170011709290228 
0.6182087680291888, 0.9692517723464261 
0.7881534690154495, 0.6821239734290657 
0.8036029872869278, 0.6091824041131118 
0.7693404024856052, 0.6498453441981548 
0.10449803317940824, 2.3127900541275137 
0.10307280086654125, 2.3360447134741764 
0.14218117553161166, 2.4844194394465666 
0.09953822473063109, 2.4609341671079004 
0.15033350436121087, 2.2293577744357758 
0.10010831765577789, 3.4461188451706253 
0.17342226782965622, 2.228895525832036 
0.23356707143264352, 2.1885076254714995 
0.40220055869106663, 2.0476192581875665 
0.2546035003705604, 1.9907264573939913 
0.2143549398551964, 2.171600177932752 
0.3959865458069665, 1.8720286737963634 
0.47562852744997436, 1.5463714092792467 
0.49843224445584633, 1.5988215777314005 
0.2738726412405222, 2.112439123727453 
0.6719115215780173, 1.2652375154728073 
0.5087509264010034, 1.4757865372868493 
0.6833133800809532, 1.2111047374806112 
0.6883872071147598, 1.101309135005333 
0.4939285103471866, 1.3189556912125726 
0.5625676985348612, 1.2014985299322756 
0.6406134199874579, 1.0130880105305433 
0.658229291374494, 1.0763135484260757 
0.7152385838891739, 0.9581239487339452 
0.7064591528419132, 1.0023775318394599 
0.6574311612792886, 1.010833573193882 
0.6643862949660795, 0.9240658389165102 
0.6702582520950915, 0.9158605840808346 
0.743914258024058, 0.767201541810126 
0.7965908443076222, 0.6564554498218457 
0.8083347585656462, 0.573926858711449 
0.11578587309731486, 2.29887830650186 
0.09742888090758793, 2.715608533224996 
0.17273815631948009, 2.5515602083244637 
0.10506812610455504, 2.6424928663650125 
0.10307280086654125, 2.611325400620155 
0.10307280086654125, 2.5400554590314965 
0.212644661079756, 2.277018138605458 
0.2200558691066644, 2.326969043018494 
0.16772133857818824, 2.2984445364467923 
0.3619519981757026, 1.964352224354829 
0.16515592041502766, 2.4007963847969207 
0.5086939171084887, 1.8595189862547072 
0.46143321361381906, 1.7403959948630348 
0.37438002394390285, 1.8234753601821092 
0.3870360868821618, 1.8644266737493005 
0.6121657830226327, 1.267361306705744 
0.49866028162590503, 1.5190342517889104 
0.44222108203637195, 1.6760824056514307 
0.6082321418391198, 1.2421188988850387 
0.6333732398380936, 1.1607394498710855 
0.5139387720198393, 1.232020271692689 
0.5792144119491477, 1.264249815921626 
0.5215780172168063, 1.3614002108076326 
0.6835984265435266, 0.9630630310858787 
0.7539478935066416, 0.8742441423237324 
0.6982498147197993, 0.9003812644647841 
0.7468787412348212, 0.7884821403279417 
0.7746992759819851, 0.809554141666937 
0.7922011287839917, 0.6498149538422349 
0.6700302149250328, 0.9052276630392335 
0.6870189840944074, 0.8174749270062919 
0.11145316686619919, 2.303065397745363 
0.10786158143777436, 2.3776909465727525 
0.11401858502935978, 2.337596467023439 
0.13231856792657204, 2.4393875009385826 
0.11099709252608175, 2.651421183813596 
0.15329798757197424, 2.515892676607029 
0.123596146171826, 2.4477277263034574 
0.3105866256199761, 2.139182204977665 
0.2721053531725671, 2.078087742323607 
0.34809874009463543, 2.097806768469328 
0.2581380765064706, 1.9368187740505234 
0.1820306709993729, 2.3509825914897866 
0.5235733424548201, 1.6104459645928086 
0.576477965908443, 1.4446725181237918 
0.4445584630294738, 1.5902236036159312 
0.5011686904965509, 1.5190958573982127 
0.4216407274385725, 1.4722970652018212 
0.4321304372612736, 1.5058007632899655 
0.2857875833760903, 1.780176020464004 
0.5501966820591756, 1.2185304862360693 
0.5326378199646542, 1.309832956421915 
0.6512171483951884, 1.0410200203932565 
0.7416338863234707, 0.904869937757361 
0.6785245995097201, 0.9202773870404116 
0.6684909640271364, 0.890405461677914 
0.7331395017387834, 0.7737401622255063 
0.6389031412120175, 0.9054144907219395 
0.7038937346787526, 0.8733515822578494 
0.7333675389088421, 0.7966651848242093 
0.6687190011971952, 0.9028067725124089 
0.6796647853600137, 0.8433380307676566 
0.11527278946468274, 2.300962254436501 
0.11413260361438915, 2.568140999653162 
0.12547745282481043, 2.417845633177833 
0.09953822473063109, 2.478238847678331 
0.13448492104212986, 2.384257514531264 
0.11099709252608175, 2.609048801750969 
0.18813066529844363, 2.473921344871825 
0.12570548999486916, 2.917990467905861 
0.18510917279516562, 2.2760275590435795 
0.4145145658742375, 1.9900772353269007 
0.4785930106607377, 1.6645101135285776 
0.4953537426600536, 1.6866823732623994 
0.351918362693119, 1.7022471156837684 
0.3093324211846531, 1.955937946772241 
0.513083632632119, 1.4449842211423543 
0.6184938144917621, 1.2943084153420228 
0.5944929023430819, 1.188826609792809 
0.6203751211447466, 1.1239449853517167 
0.5537882674876005, 1.2221604418310004 
0.5110312981015905, 1.3686575602403077 
0.655036770993672, 1.0067525778755628 
0.6710563821902971, 0.9876697135133021 
0.7384413659426486, 0.8434795709536129 
0.6879311327746422, 0.9799127343298721 
0.7073142922296334, 0.9690567375253224 
0.6940311270737131, 0.9090815734043818 
0.7450544438743515, 0.7092838583149936 
0.7302890371130494, 0.7645113803668079 
0.6536685479733196, 0.8926277621923755 
0.806225414742603, 0.6353084201907869 
0.6828573057408358, 0.8106621616107358 
0.1355110883073941, 2.299253105819626 
0.10238868935636508, 2.4417351916080383 
0.18573627501282708, 2.2874181615612614 
0.11099709252608175, 2.746075932400822 
0.10307280086654125, 2.770893749644483 
0.10193261501624765, 2.5072266812949073 
0.14468958440225757, 2.3316883019643666 
0.08887748703038595, 2.2899540889988894 
0.39279402542614444, 1.9606206925331529 
0.4405108032609315, 1.805274403585178 
0.28829599224673624, 1.860273301612857 
0.19765121714839518, 2.030831829128372 
0.34678752636679777, 1.630809887239199 
0.4428481842540334, 1.5066974933468633 
0.5618265777321704, 1.3748375006450764 
0.46416965965452367, 1.5782081939420258 
0.5648480702354484, 1.2126663774209012 
0.4538509777093666, 1.5608450614593083 
0.6126788666552648, 1.2688241944815917 
0.7010432700530187, 1.09564104430708 
0.6300667008722421, 1.3234015997761794 
0.7318852973034604, 0.8253546634054737 
0.6258480132261559, 1.1179800547626486 
0.691351690325523, 0.857154586978417 
0.7571974231799783, 0.7614337582908827 
0.7925431845390799, 0.67262450271664 
0.6768713300267943, 0.8173627687973352 
0.7776067499002337, 0.7870353926994466 
0.7837637534918191, 0.6103065873789385 
0.7628413431389316, 0.6571334752296936 
0.8053702753548828, 0.580033721052259 
0.15529331280998804, 2.3044641300884208 
0.09953822473063109, 2.4827813910320757 
0.09765691807764666, 2.537424997562682 
0.11099709252608175, 2.713623282134201 
0.27404366911806627, 2.6242133292443057 
0.14229519411664102, 2.5743337353955815 
0.2001596260190411, 2.639214957850163 
0.13699332991277577, 2.2625462629640767 
0.14771107690553562, 2.2994224914942176 
0.17843908557094806, 2.574538880408623 
0.1442905193546548, 2.4187089576873664 
0.2393250099766262, 2.2097046966599208 
0.283165155920415, 2.1964489370040754 
0.23351006214012884, 2.3120720432064275 
0.40904167379282824, 1.6073916468312146 
0.4720369420215495, 1.5533079801730787 
0.5626247078273758, 1.4132408806154497 
0.3299697850749672, 1.6547325652637144 
0.5769340402485605, 1.2084201158211993 
0.42831081466279003, 1.4036381473714339 
0.5965452368736104, 1.0812333072856748 
0.596260190411037, 1.173827810494495 
0.600535887349638, 1.0916303614923912 
0.5566957414058491, 1.2137942376162192 
0.64916481386466, 0.9332053514669837 
0.7250441822016989, 0.8395126001851783 
0.7265834330995953, 0.767680971543225 
0.6669517131292401, 0.8482280436841353 
0.6025312125876517, 0.976315656992397 
0.7556011629895673, 0.6961545258333335 
0.7491591129354085, 0.715390792502055 
0.06538965851433784, 2.3064103767101245 
0.09839803888033749, 2.5432577963431235 
0.1301522148110142, 2.4898576530861676 
0.14115500826634741, 2.3658582981520615 
0.10193261501624765, 2.7668835633268554 
0.10221766147882105, 2.4275881060602478 
0.18539421925773902, 2.632237235140338 
0.2443988370104327, 2.1315186933063606 
0.32198848412291203, 2.0960533435431237 
0.24508294852060886, 2.3851777338033817 
0.41531269596944304, 1.9326014132171851 
0.2718773160025084, 2.0614275316819937 
0.42717062881249646, 1.7177407937541114 
0.3358417422039792, 2.164947611104682 
0.43874351519297644, 1.6977764148474748 
0.6187788609543355, 1.2886320385221262 
0.6095433555669574, 1.2531180096465027 
0.4349238925944929, 1.5201836359038425 
0.5887919730916139, 1.350954890339874 
0.6465993957014994, 1.1393703103104125 
0.6047545749957243, 1.2522678291874048 
0.5481443475286472, 1.3350547031805833 
0.708283450202383, 0.9567695130823551 
0.737301180092355, 0.8289441807681684 
0.698477851889858, 0.9123606308958444 
0.6641582577960208, 0.870804881791144 
0.7105638219029702, 0.8469927730391116 
0.6969386009919617, 0.8142284299510785 
0.7562282652072287, 0.7204333183977882 
0.7753833874921612, 0.7055291950785658 
0.752807707656348, 0.7307441899665981 
0.13955874807593638, 2.2978147530889976 
0.10193261501624765, 2.330207416849629 
0.09742888090758793, 2.610562904773483 
0.1863063679379739, 2.4705951322354442 
0.28225300724018015, 2.272261732137888 
0.20261102559717234, 2.6426239873171538 
0.18299982897212247, 2.439079277112934 
0.22273530585485435, 2.1136986517690985 
0.16715124565304146, 2.7637560692364866 
0.3549968644889117, 1.797842458259677 
0.4743173137221367, 1.7821548022623137 
0.41320335214639986, 1.7447939125342724 
0.575964882275811, 1.4721940717954474 
0.5044752294624024, 1.4464406244226398 
0.364916481386466, 1.7277479346038316 
0.5176443760332934, 1.487510309223567 
0.558520038766319, 1.476364754513836 
0.6921498204207286, 1.3448335450705673 
0.6218003534576136, 1.306661289521542 
0.6642722763810501, 1.179202634929918 
0.521806054386865, 1.3018826658179115 
0.718431104269996, 0.9583165817835912 
0.7243600706915228, 0.8274049724162266 
0.7237329684738613, 0.849458714590637 
0.6731087167208255, 0.9676972508458384 
0.7093666267601619, 0.8186226259643008 
0.737301180092355, 0.7229806105848613 
0.6874180491420101, 0.8252278459629512 
0.7611880736560059, 0.7666538748886584 
0.7753263781996466, 0.7178533945142485 
0.7590787298329628, 0.7327595813216333 