acc, loss, temp
0.05702054794520548, 2.3125686716248395 
0.14178082191780822, 2.3345209149954695 
0.3501712328767123, 2.4087313064366898 
0.23789954337899544, 2.12543040117788 
0.5361301369863014, 1.4743169069712323 
0.5204337899543379, 1.2994820138333996 
0.6488013698630137, 1.1397401950297845 
0.724486301369863, 0.8837222924613242 
0.7148401826484019, 0.7936860222029278 
0.6675799086757991, 0.9455808113936326 
0.7730022831050228, 0.657268428627885 
0.7593036529680365, 0.6535189322981795 
0.777283105022831, 0.5954727166892809 
0.727568493150685, 0.8387016905806399 
0.7358447488584475, 0.7572343430512961 
0.7454908675799087, 0.6961409893178205 
0.8185502283105023, 0.5107238831981608 
0.7531392694063926, 0.7370907286635139 
0.7738584474885845, 0.602259127514022 
0.7814497716894977, 0.5894371224674261 
0.8144406392694064, 0.49953431818274774 
0.8100456621004566, 0.5195899004435593 
0.8817922374429223, 0.34139730240192756 
0.7795662100456621, 0.6504681974973482 
0.798972602739726, 0.5855695684032624 
0.8594178082191781, 0.36077521863586204 
0.8394977168949772, 0.45186196327653205 
0.8321347031963471, 0.4287251699954745 
0.8954908675799087, 0.304603060373001 
0.89925799086758, 0.2888817309521732 
0.8758561643835616, 0.3521655150786569 
0.09977168949771689, 2.3034179944995716 
0.11809360730593607, 2.589694747732664 
0.2868150684931507, 2.157102563862003 
0.47871004566210046, 1.6715233772508173 
0.3146689497716895, 1.769075646048774 
0.5371004566210046, 1.466390177889215 
0.5873287671232876, 1.2249175573805786 
0.7042237442922374, 0.8799613570701046 
0.696175799086758, 0.8420408258444928 
0.790810502283105, 0.590727479494452 
0.7756849315068494, 0.6285678915623119 
0.7752853881278539, 0.5981716312972399 
0.6928082191780822, 0.9405459046093428 
0.7640981735159817, 0.6242964816681548 
0.7857305936073059, 0.5707263464468141 
0.7807648401826484, 0.6125421133828773 
0.7384703196347032, 0.6952400516277968 
0.7736872146118722, 0.5944062605788852 
0.8055365296803653, 0.5175389198869561 
0.7975456621004566, 0.5370076660132449 
0.8083904109589041, 0.5122667278740666 
0.8281963470319634, 0.4411639805657559 
0.8239726027397261, 0.4493790929513066 
0.8365867579908676, 0.46228554218401885 
0.8871575342465754, 0.31247811769697764 
0.8898401826484018, 0.3173260959335492 
0.8648972602739726, 0.3689253565862433 
0.8712899543378996, 0.34380723634582055 
0.8532534246575343, 0.36944169701476787 
0.891837899543379, 0.30199956990754645 
0.9224315068493151, 0.2468549492294279 
0.07049086757990868, 2.303083670130185 
0.2796232876712329, 2.2501063635073613 
0.40587899543378997, 1.9649166790440473 
0.22408675799086758, 1.7177729999580937 
0.4802511415525114, 1.2944759359486275 
0.7735730593607306, 0.9015654762978644 
0.6397260273972603, 0.9592593828398751 
0.7346461187214612, 0.7542197013524851 
0.8353881278538813, 0.5727984141333778 
0.6674657534246575, 0.9917984181513388 
0.6908675799086758, 0.8725795769660376 
0.7695776255707762, 0.6068900947503255 
0.7599885844748858, 0.6234360283986233 
0.771404109589041, 0.6193207012028412 
0.7696917808219178, 0.6532300138794518 
0.8147260273972603, 0.528231804042982 
0.7833904109589042, 0.6378132685258411 
0.872431506849315, 0.3622380867137365 
0.785216894977169, 0.5406682258135348 
0.8446917808219178, 0.39499275274582335 
0.8186643835616438, 0.5494499698786794 
0.8594178082191781, 0.3597248442847906 
0.8417808219178082, 0.3993802551896533 
0.8687214611872146, 0.373630269795579 
0.8233447488584474, 0.478013230310669 
0.8175228310502283, 0.5249706910691184 
0.8876141552511415, 0.3064524279686504 
0.8519977168949772, 0.3804061391402136 
0.8230593607305936, 0.4774701014255664 
0.8878995433789955, 0.3205976301332161 
0.8954908675799087, 0.2929239637106502 
0.07602739726027398, 2.307925872014091 
0.19828767123287672, 2.3022848449841393 
0.4009132420091324, 2.0606103467357104 
0.4087328767123288, 1.8862794217914571 
0.49166666666666664, 1.486083469912695 
0.5208904109589041, 1.6118067012544277 
0.6965753424657535, 0.9034654301374432 
0.5711187214611873, 1.289141010024348 
0.7132420091324201, 0.8378616520734917 
0.7517123287671232, 0.7284423440474102 
0.7125570776255707, 0.8599729345935635 
0.7763127853881279, 0.6317146218566875 
0.7191210045662101, 0.8269171371202414 
0.7985159817351598, 0.5707516563089299 
0.7691780821917809, 0.7604721913278295 
0.7837899543378996, 0.6151877557096688 
0.8019406392694064, 0.531435273873182 
0.8616438356164383, 0.41087639011082716 
0.883162100456621, 0.34231525509772254 
0.809931506849315, 0.480760489359641 
0.802054794520548, 0.5149145499668705 
0.849486301369863, 0.37924753192516797 
0.8769406392694064, 0.3532635739298757 
0.7857876712328767, 0.5768410091366919 
0.861472602739726, 0.35820362907077563 
0.9137557077625571, 0.2804266864878665 
0.8389840182648401, 0.4644847889020114 
0.8966324200913242, 0.2933857448227341 
0.8549086757990868, 0.37527925753916946 
0.8348173515981735, 0.48047939142045404 
0.8442922374429224, 0.4209571058385821 
0.09697488584474886, 2.3048449752889404 
0.2432648401826484, 2.2052869310696677 
0.40519406392694063, 2.073208423933245 
0.46523972602739727, 1.8922826503538976 
0.5098173515981735, 1.6745581836461063 
0.6340182648401826, 1.2268720080485571 
0.5753424657534246, 1.1625423121292273 
0.626027397260274, 0.9986983826221716 
0.7317351598173516, 0.8656626268586637 
0.717351598173516, 0.7447713804927762 
0.7160388127853882, 0.8168257835464107 
0.7351027397260274, 0.7651459098541125 
0.8095319634703196, 0.5080178995581257 
0.8182077625570776, 0.5149925856934475 
0.7628995433789955, 0.626336389874193 
0.8148401826484019, 0.557783270448519 
0.8181506849315069, 0.510929581618017 
0.8230022831050229, 0.4602366306165946 
0.8702625570776256, 0.3825382596826424 
0.8810502283105023, 0.3598686518891407 
0.8553652968036529, 0.40766689850368276 
0.8563926940639269, 0.3806186286595236 
0.8617009132420091, 0.3772008734844624 
0.8404109589041096, 0.40379264678858745 
0.8897260273972603, 0.32226199143811146 
0.85662100456621, 0.36716763660750085 
0.8450913242009133, 0.4147669508797335 
0.8924657534246575, 0.30880092567969286 
0.8433219178082192, 0.40203461287137193 
0.8683219178082192, 0.3562704765920482 
0.8911529680365297, 0.2869257528191476 
0.10399543378995434, 2.298904305121435 
0.16860730593607307, 2.271939621083039 
0.19503424657534246, 2.020137688524416 
0.31740867579908677, 1.9575040576306342 
0.48521689497716897, 1.6296767884513126 
0.5565068493150684, 1.2164733750990964 
0.5969748858447489, 1.2078970872114625 
0.6503995433789954, 1.0530998477634546 
0.7115296803652968, 0.7687567981617143 
0.6679794520547945, 0.9647645616164405 
0.7164954337899543, 0.7857093581696972 
0.684931506849315, 0.9374647036997585 
0.7060502283105022, 0.8948249960335857 
0.7453767123287671, 0.6588318458355654 
0.8373858447488585, 0.48751156485213787 
0.8065639269406393, 0.5137349468004547 
0.7985159817351598, 0.5235301361978251 
0.8422945205479452, 0.4358531949804275 
0.8651826484018265, 0.37271116952977684 
0.8546803652968037, 0.4018149424161923 
0.8330479452054794, 0.4281746164932943 
0.8143835616438356, 0.4795574986781094 
0.8335616438356165, 0.440836022171603 
0.8292237442922374, 0.47689173787464206 
0.8228310502283105, 0.4665366871689199 
0.8330479452054794, 0.4424335689972817 
0.8724885844748859, 0.3527586942542831 
0.8688356164383562, 0.340932122394324 
0.857134703196347, 0.38355619634800164 
0.9047945205479452, 0.2922147646856723 
0.8984018264840182, 0.27763580797932924 
0.0851027397260274, 2.3044218228841813 
0.20781963470319634, 2.3095055178013184 
0.2776255707762557, 2.021531491068293 
0.3324771689497717, 1.9955620150214453 
0.618892694063927, 1.3769497668846962 
0.6606735159817352, 1.067849623852311 
0.6534817351598173, 1.2343676668459158 
0.8042237442922374, 0.7002974040121261 
0.6643264840182649, 1.0274815069225218 
0.7077625570776256, 0.8406273498407395 
0.6900114155251141, 0.9000192169061003 
0.7690639269406393, 0.7021143194884354 
0.7408675799086758, 0.7415284719871703 
0.7914954337899544, 0.618738279956308 
0.7893835616438356, 0.6653870565238338 
0.7932077625570776, 0.5375933885646722 
0.8156392694063926, 0.5371982937872438 
0.8493721461187215, 0.4073313405517286 
0.7980022831050229, 0.5220891566763967 
0.8180365296803653, 0.4900805471247671 
0.7844748858447489, 0.5604695091240649 
0.7618721461187214, 0.6631519588357069 
0.8249429223744292, 0.460967601251641 
0.8965753424657534, 0.32743442124144345 
0.8570776255707763, 0.3835611849410708 
0.8437214611872146, 0.3939275848082516 
0.8198630136986301, 0.5213138004414766 
0.810958904109589, 0.5435025009734149 
0.8416666666666667, 0.3973876224114583 
0.8716324200913242, 0.32266782248888715 
0.8309931506849315, 0.4367128301055624 
0.1449771689497717, 2.3094087386843256 
0.12454337899543379, 2.643148471611291 
0.25108447488584473, 2.3232670405203586 
0.5107305936073059, 1.5214864243517927 
0.5043949771689498, 1.4526231445922626 
0.5337328767123287, 1.2927226469713686 
0.6404109589041096, 1.0262402283091234 
0.6342465753424658, 1.0611193409564144 
0.7228310502283105, 0.7507066304965164 
0.7480022831050228, 0.8002623642151562 
0.7393835616438356, 0.7070111057970311 
0.7405251141552511, 0.698032816409905 
0.7581050228310502, 0.6503899242230841 
0.7809931506849315, 0.592650363502641 
0.7870433789954338, 0.6260579321265579 
0.7306506849315069, 0.7752010758694914 
0.8370433789954338, 0.4594105947128951 
0.8143264840182648, 0.5004454898946312 
0.8872716894977168, 0.36210572439040684 
0.8434931506849315, 0.442341397949555 
0.8367009132420091, 0.41594936661178905 
0.8709474885844749, 0.38035558244520723 
0.8579337899543379, 0.38372837182404124 
0.7855593607305936, 0.5839612651249306 
0.8497716894977169, 0.38107667725589317 
0.8251712328767123, 0.48435168227858827 
0.826027397260274, 0.45724808658016536 
0.9058789954337899, 0.2785121564291213 
0.872431506849315, 0.33386559684250416 
0.8419520547945205, 0.4027462472411482 
0.8720319634703196, 0.3260890514918702 
0.09937214611872146, 2.2982813732821215 
0.14674657534246574, 2.4686520155775966 
0.27014840182648403, 1.9996489101128045 
0.4180365296803653, 1.9142943452130918 
0.5421803652968037, 1.5606430997247671 
0.6416666666666667, 1.0202344106467496 
0.7128995433789954, 0.8331927920643177 
0.7071917808219178, 0.820577599738609 
0.7822488584474886, 0.655546952155597 
0.8365867579908676, 0.5237388852919533 
0.752283105022831, 0.6776081839543204 
0.7297374429223744, 0.7400679363696469 
0.7582762557077626, 0.7165233193843495 
0.7669520547945206, 0.6034954581477439 
0.809931506849315, 0.49443852648233133 
0.8003424657534246, 0.5466504757143752 
0.8523972602739726, 0.4114489485572091 
0.8084474885844749, 0.46610930643929027 
0.8118721461187215, 0.5138845666782602 
0.8159817351598173, 0.46856613917578266 
0.8224885844748858, 0.5048662500293654 
0.7757420091324201, 0.7091027900626643 
0.8506849315068493, 0.4044632362620874 
0.8282534246575343, 0.4378767038613306 
0.8777968036529681, 0.3719045024762835 
0.786986301369863, 0.5615584159454982 
0.902283105022831, 0.29734414902271555 
0.8415525114155251, 0.39713593793709895 
0.8888698630136986, 0.2887953338302181 
0.8661529680365296, 0.3459923774172054 
0.9051369863013699, 0.28571784581221027 
0.10068493150684932, 2.307170351970068 
0.1896689497716895, 2.2414638410688905 
0.19600456621004567, 2.0345693161942147 
0.38687214611872145, 1.9068951671329792 
0.4662671232876712, 1.70465253916773 
0.621175799086758, 1.1387274824368097 
0.5715753424657535, 1.125396544578347 
0.7527397260273972, 0.7805646570188323 
0.6925228310502283, 0.833250976587998 
0.8279680365296803, 0.5447813671925155 
0.7188356164383561, 0.8497365657968416 
0.7224885844748858, 0.7860226735703014 
0.850513698630137, 0.44351149081169794 
0.8519406392694064, 0.47596538962820756 
0.8457762557077626, 0.45572820369652145 
0.8263127853881278, 0.4713908373846196 
0.8089041095890411, 0.5301762007635362 
0.7969748858447488, 0.5165251166851953 
0.7707191780821918, 0.6217886306264837 
0.8211187214611873, 0.503485075285871 
0.7935502283105023, 0.6886964986860434 
0.8059360730593608, 0.5955888809527308 
0.7800799086757991, 0.678496188561594 
0.7992579908675799, 0.5366141995956766 
0.835445205479452, 0.41992347487753895 
0.8820205479452055, 0.33226774033235856 
0.8505707762557078, 0.38518052532721214 
0.8742579908675799, 0.34976705985341133 
0.9077054794520548, 0.27772815061321215 
0.8828767123287671, 0.3072453960817333 
0.8436643835616439, 0.3954122037548294 
0.10833333333333334, 2.3039611051769024 
0.11284246575342466, 2.536817814635646 
0.3331050228310502, 2.0344153095099498 
0.36626712328767125, 1.9323991933726288 
0.4454337899543379, 1.3981338871206523 
0.46906392694063925, 1.5790732401219207 
0.49440639269406395, 1.4229421750442688 
0.6097602739726027, 1.314616369668631 
0.733162100456621, 0.7389505554745074 
0.7165525114155251, 0.8183928561980934 
0.73162100456621, 0.6979395180279574 
0.706906392694064, 0.8210014264983736 
0.7185502283105023, 0.8115658543405708 
0.7905821917808219, 0.5819589601032569 
0.8065639269406393, 0.522554965405782 
0.85074200913242, 0.4392273305016509 
0.7946917808219178, 0.5353875790611156 
0.8155251141552512, 0.4897765712521059 
0.896404109589041, 0.3405910431476742 
0.7916095890410959, 0.5448838802256023 
0.7950913242009132, 0.6211874048176733 
0.8337899543378996, 0.4599079224685703 
0.8235159817351598, 0.4584576019092094 
0.8394977168949772, 0.419615028850664 
0.839783105022831, 0.44503874116333236 
0.8670091324200914, 0.3557685758979985 
0.865296803652968, 0.371094490223704 
0.8702625570776256, 0.35755515739898974 
0.9106164383561643, 0.27640427893596947 
0.8876712328767123, 0.3067191697895198 
0.8862442922374429, 0.32229350133876833 
0.10901826484018265, 2.298439752726971 
0.19218036529680366, 2.2525292621044066 
0.1408675799086758, 2.107266450925498 
0.39292237442922373, 1.727989149476711 
0.6011986301369863, 1.302728420471456 
0.6316780821917808, 1.2046289254539 
0.7295662100456621, 0.9750301103131876 
0.724486301369863, 0.9272675209529491 
0.7217465753424658, 0.8967143460788377 
0.6980593607305936, 0.9697272842452229 
0.7795091324200913, 0.631225510637467 
0.7827625570776255, 0.6148787736608348 
0.7791095890410958, 0.7329429688236008 
0.7695776255707762, 0.7826595301340975 
0.833904109589041, 0.45799400600660695 
0.7932077625570776, 0.5766482594728564 
0.8262557077625571, 0.4709856422832143 
0.8055936073059361, 0.5346676461894837 
0.814783105022831, 0.4896700780591457 
0.8623858447488585, 0.388056747062944 
0.8418949771689498, 0.4228898818166486 
0.8266552511415525, 0.5001322653235831 
0.8177511415525114, 0.5044124186057511 
0.8418949771689498, 0.4055320680737164 
0.8085616438356165, 0.5656090218715628 
0.8571917808219178, 0.35719520578081193 
0.883675799086758, 0.3387302877963075 
0.8386986301369863, 0.46134003585972505 
0.8753424657534247, 0.3249260988723359 
0.8437785388127854, 0.4013187117320357 
0.8404109589041096, 0.5085244815807132 
0.13590182648401827, 2.2982788600289985 
0.1704337899543379, 2.27160221742178 
0.3807077625570776, 2.099204368124877 
0.5876712328767123, 1.605456615183474 
0.5664383561643835, 1.5062428468789844 
0.5615296803652968, 1.525060155086653 
0.6572488584474886, 1.1389146888454602 
0.6122146118721461, 1.0850261358318174 
0.5942351598173516, 1.0646208532240222 
0.6941210045662101, 0.777381467464566 
0.7518835616438356, 0.6990264137301367 
0.7155821917808219, 0.7399911318638591 
0.7349885844748858, 0.7129189887514251 
0.8448630136986301, 0.46561765760396556 
0.8744292237442922, 0.4182639320054381 
0.8670091324200914, 0.4101386676699969 
0.8401826484018264, 0.4319356002096639 
0.7925799086757991, 0.5220685190677664 
0.8360730593607306, 0.44036417098320213 
0.8704337899543378, 0.3920823386701852 
0.9115867579908675, 0.293400716575135 
0.8865296803652968, 0.3384722999406634 
0.8678082191780822, 0.37771251227246583 
0.8995433789954338, 0.3126578834085675 
0.8457762557077626, 0.4056943131974304 
0.8343036529680365, 0.43901056912749936 
0.8465182648401827, 0.3862020860657755 
0.8363584474885845, 0.4244440575779883 
0.8389840182648401, 0.3985399207303665 
0.8317351598173516, 0.484462613285412 
0.9291666666666667, 0.2305659748670928 
0.09360730593607305, 2.311261218229443 
0.17871004566210047, 2.4219294600473975 
0.24794520547945206, 2.426714389226977 
0.42773972602739724, 2.022086809875635 
0.4223173515981735, 1.997382107604392 
0.45245433789954337, 1.9392980973339307 
0.5465753424657535, 1.5421423441876627 
0.5716894977168949, 1.123602552586483 
0.6628995433789955, 1.017952338275022 
0.6472031963470319, 1.193325354547595 
0.670148401826484, 1.0891301383304564 
0.7849885844748858, 0.748952883794714 
0.7825342465753424, 0.7323904861300288 
0.7464611872146119, 0.8221795921312691 
0.7861301369863014, 0.6004678273672373 
0.7778538812785388, 0.5836060753708431 
0.7597602739726027, 0.685616312958022 
0.8597602739726027, 0.4204112891172245 
0.8190068493150685, 0.49749767779401427 
0.7988584474885845, 0.5015312056896843 
0.8022260273972602, 0.5053011770568311 
0.8243721461187214, 0.43942023269849473 
0.8396118721461188, 0.4033346317507395 
0.8228310502283105, 0.5934778182644498 
0.8480593607305936, 0.39535745174353176 
0.8912100456621005, 0.3271749734881526 
0.8056506849315068, 0.49701037293309036 
0.8984018264840182, 0.310798375053776 
0.8771689497716895, 0.3199473660144025 
0.8811643835616438, 0.32378388657773005 
0.9148401826484018, 0.26370998741789675 
0.09400684931506849, 2.3081187684357074 
0.16478310502283106, 2.2594461367104723 
0.43047945205479454, 1.9353503714704952 
0.40850456621004566, 1.7979909642435508 
0.4341324200913242, 1.5899870595730738 
0.6200342465753425, 1.2735097086496343 
0.6155251141552511, 1.2200719408168932 
0.6408675799086758, 0.9529920708506466 
0.6682077625570776, 0.9868566807176544 
0.7141552511415525, 0.9871287308313319 
0.7393835616438356, 0.8931480343305616 
0.6970890410958904, 1.021911632385011 
0.7573630136986301, 0.7621920024548268 
0.8156963470319635, 0.5693299561025144 
0.841324200913242, 0.44539155394855423 
0.8166095890410959, 0.5153631659007666 
0.7761986301369863, 0.6091775419153088 
0.8475456621004567, 0.4390052185781356 
0.7922945205479452, 0.5332252652881223 
0.7974315068493151, 0.5063616353014078 
0.7760273972602739, 0.6132397672151788 
0.8204337899543379, 0.47736695229324455 
0.8041095890410959, 0.5081638868982479 
0.8097031963470319, 0.4891505814292249 
0.8248858447488584, 0.4669277068671619 
0.8870433789954338, 0.3350661528967048 
0.8226598173515982, 0.4918904268261435 
0.825, 0.4812595167262002 
0.8644406392694064, 0.34829212965195566 
0.8606164383561644, 0.3560185377720218 
0.9092465753424658, 0.27664366017656006 
0.1557648401826484, 2.2992807063081546 
0.1303082191780822, 2.306336977569013 
0.23373287671232876, 2.238129862902221 
0.3570205479452055, 2.000405980229868 
0.4672374429223744, 1.733824405056149 
0.6061073059360731, 1.119983708434617 
0.6393835616438356, 1.262994668669685 
0.7128995433789954, 0.9452611247108248 
0.6992009132420092, 0.8833748378602297 
0.738013698630137, 0.894781144804558 
0.7497146118721462, 0.8217951916367675 
0.7613584474885845, 0.65718246777763 
0.773230593607306, 0.6269734324354345 
0.751541095890411, 0.629297625738548 
0.8080479452054794, 0.5284845523858354 
0.8333333333333334, 0.435509876891424 
0.8150114155251141, 0.5223816946922331 
0.8226598173515982, 0.5020366072900123 
0.8163812785388128, 0.5669045437610796 
0.8131849315068493, 0.46801116401214204 
0.8696347031963471, 0.36533756070004797 
0.8187214611872146, 0.4572763989841659 
0.8674086757990868, 0.3552537117396577 
0.8394406392694064, 0.391892176280185 
0.8405251141552511, 0.415221332024375 
0.8606735159817351, 0.3482257916609354 
0.8364155251141553, 0.43113500886727063 
0.8453196347031964, 0.3866178962854715 
0.8526826484018265, 0.36094656931750274 
0.8329337899543379, 0.42378910883568655 
0.902796803652968, 0.29042789162432375 
0.059931506849315065, 2.3049082257207285 
0.1807648401826484, 2.3117337153616946 
0.25582191780821917, 2.2218536474210016 
0.3604452054794521, 1.9667786131755578 
0.4997146118721461, 1.4254571890029173 
0.5763698630136986, 1.3969993503018359 
0.6053082191780822, 1.3153664094251887 
0.6599885844748858, 1.2280260155309572 
0.7835616438356164, 0.836992398609306 
0.7211187214611872, 0.9389899212688387 
0.685216894977169, 1.079229523880788 
0.7865296803652968, 0.6233178833759391 
0.727568493150685, 0.8847076796602895 
0.7863013698630137, 0.5872083003783369 
0.7432648401826484, 0.7653444471023634 
0.7789954337899543, 0.5478877093919102 
0.8334474885844749, 0.4745249142231404 
0.882134703196347, 0.370732352042967 
0.8386415525114155, 0.47234798024046304 
0.8007990867579908, 0.5430771664034257 
0.8042237442922374, 0.50371333320334 
0.8202054794520548, 0.4814175607561338 
0.8195205479452055, 0.457868405762535 
0.8156392694063926, 0.4897929286296518 
0.9039383561643836, 0.29220887677964025 
0.8920091324200913, 0.29721667539077146 
0.8466324200913242, 0.39157792619812115 
0.911986301369863, 0.26443191961435497 
0.8256849315068493, 0.4369759012453652 
0.8396689497716895, 0.39595588040633956 
0.8247146118721461, 0.5083466611436128 
0.096175799086758, 2.3041262462347243 
0.108162100456621, 2.2066944141574147 
0.19126712328767123, 2.150565773088936 
0.3487442922374429, 1.9261636114172969 
0.43875570776255707, 1.656561654923943 
0.6648972602739726, 1.0518492302025853 
0.6546232876712329, 1.0272331914199861 
0.6888698630136987, 0.9235912821862482 
0.69337899543379, 0.7990938474921222 
0.6420662100456621, 1.0431888551832957 
0.6758561643835617, 1.091302119051413 
0.7452054794520548, 0.8215573715077871 
0.7515981735159817, 0.7805076201685157 
0.7295662100456621, 0.8597659679512304 
0.8057648401826484, 0.6029539693033381 
0.8181506849315069, 0.4990114126468375 
0.8055936073059361, 0.5012263787432246 
0.8146689497716895, 0.4630639160544523 
0.8125570776255707, 0.5022578935261803 
0.8609589041095891, 0.4013220899292499 
0.8811643835616438, 0.3675797738085478 
0.8611301369863014, 0.3950403725056642 
0.8515981735159818, 0.3902596573957836 
0.824486301369863, 0.4370466205990299 
0.8374429223744292, 0.40376020691921893 
0.8116438356164384, 0.5368322807569051 
0.8181506849315069, 0.4619401633505437 
0.879337899543379, 0.32040315615883236 
0.8314497716894977, 0.44477253043515574 
0.8019406392694064, 0.6024907452313627 
0.8740296803652968, 0.3156848188365238 
0.056906392694063924, 2.310060812722304 
0.14246575342465753, 2.321717024648171 
0.35833333333333334, 1.8772305492283192 
0.48424657534246573, 1.8785540301432608 
0.48013698630136986, 1.6133633937000669 
0.5456050228310503, 1.5645425834024116 
0.5447488584474885, 1.6768371165069718 
0.561472602739726, 1.478202806868067 
0.5845890410958904, 1.3255680689331826 
0.6742579908675799, 1.0323026980340992 
0.7485730593607306, 0.7208714738222475 
0.7244292237442922, 0.8176924755365269 
0.7871004566210046, 0.6064035695397036 
0.7815068493150685, 0.6355868461623394 
0.7889269406392694, 0.561106566979748 
0.7889840182648402, 0.5519871462144886 
0.8159246575342466, 0.46494838438029074 
0.8583904109589041, 0.3981615632372569 
0.8391552511415525, 0.4564448748626083 
0.7648401826484018, 0.6393418304001678 
0.816324200913242, 0.49054029657483883 
0.8570776255707763, 0.37314007600322724 
0.7919520547945206, 0.6058992389352884 
0.8148401826484019, 0.48609666041758876 
0.8007990867579908, 0.6273033235286594 
0.8176369863013698, 0.46736632749709445 
0.899486301369863, 0.31839094775416715 
0.9093607305936073, 0.2873458735082173 
0.8747146118721462, 0.3190498546394952 
0.8338470319634703, 0.4219288173439441 
0.8573059360730594, 0.38173568307936967 
0.0795662100456621, 2.301944586438388 
0.2781963470319635, 2.4279422619213187 
0.4589041095890411, 1.8588571173080441 
0.28521689497716896, 1.8404554814859015 
0.5885844748858448, 1.2832028604230943 
0.5902397260273973, 1.1352643675968097 
0.5917237442922374, 1.2760190037412535 
0.6772260273972602, 0.9869166622958097 
0.6491438356164384, 1.0162646648314302 
0.7577625570776255, 0.7635594488949312 
0.766324200913242, 0.6074802941436078 
0.7570205479452055, 0.6775598029473584 
0.7526255707762557, 0.7642224616611591 
0.7593036529680365, 0.7281094408169058 
0.7440068493150684, 0.6504589207396432 
0.735730593607306, 0.697706016144054 
0.8231735159817352, 0.47255164866432314 
0.7878424657534246, 0.5417666755553198 
0.7896689497716894, 0.6098709175442338 
0.8034817351598174, 0.5118307155385563 
0.879337899543379, 0.3457154949496259 
0.8803652968036529, 0.3309378359056262 
0.813527397260274, 0.47778903255061744 
0.8074771689497717, 0.5072889850212559 
0.8095319634703196, 0.5075753466394856 
0.8770547945205479, 0.33143321905167633 
0.8809360730593607, 0.31454741146906984 
0.8682648401826484, 0.33483322727360276 
0.9098744292237443, 0.27175961071564736 
0.8539954337899544, 0.35704220120456254 
0.8836187214611873, 0.3119822323525666 
0.10108447488584475, 2.3034035989281594 
0.18590182648401826, 2.6185249190828883 
0.4115867579908676, 2.1990852118976085 
0.27631278538812787, 1.8302925123246943 
0.4977739726027397, 1.672502527258731 
0.5780821917808219, 1.3806060649815428 
0.5328767123287671, 1.5461917644474301 
0.6898401826484019, 0.8691912711345537 
0.7046803652968037, 0.7893115692507408 
0.661244292237443, 0.8751945582292988 
0.769406392694064, 0.6874971406395792 
0.6905821917808219, 0.9435886201695831 
0.769406392694064, 0.6711939941000822 
0.7700342465753425, 0.7400484432825201 
0.7531963470319635, 0.7061615538552324 
0.7818493150684932, 0.6274289337093717 
0.7554223744292238, 0.6980023663194178 
0.7931506849315069, 0.5105099355291441 
0.8037671232876712, 0.5466680345289289 
0.8257420091324201, 0.4727667278582893 
0.8518835616438356, 0.3795502410531629 
0.8070776255707762, 0.5841988908597336 
0.8151255707762557, 0.5060148153633324 
0.9118721461187215, 0.28458983488423695 
0.9114726027397261, 0.29127079500896275 
0.8557077625570776, 0.35576789912403217 
0.8285388127853881, 0.47372516919798585 
0.853824200913242, 0.38075408898407626 
0.9235159817351598, 0.2538726663076867 
0.9089611872146118, 0.27431130067572673 
0.8754566210045662, 0.353226634486137 
0.09366438356164383, 2.302939500825146 
0.1127283105022831, 2.2424018057391253 
0.303310502283105, 2.46642542082765 
0.4716324200913242, 1.7545604068888594 
0.5144977168949771, 1.4135252005202414 
0.6322488584474886, 1.1228509785894127 
0.6993150684931507, 0.9162351328157213 
0.6724315068493151, 1.035524489107944 
0.7264840182648402, 0.7618211106563723 
0.7496004566210046, 0.6709650533383368 
0.7508561643835616, 0.6567970983504715 
0.7219748858447489, 0.7695249972016295 
0.7832191780821918, 0.5703017902972354 
0.7993721461187214, 0.5457372607063012 
0.8039954337899543, 0.5328896490821439 
0.8242009132420092, 0.4723655408273086 
0.8106735159817352, 0.4789127120213775 
0.7791666666666667, 0.5893059266824026 
0.7825342465753424, 0.5435446781282298 
0.8121004566210046, 0.5468058804450143 
0.7581050228310502, 0.813694597422529 
0.8067351598173516, 0.5142111709785943 
0.8437214611872146, 0.39564886737588484 
0.836472602739726, 0.406311907377636 
0.802796803652968, 0.5294388340590819 
0.8083333333333333, 0.516866911420647 
0.8392123287671233, 0.3994680330343402 
0.857648401826484, 0.39039064022875936 
0.8976027397260274, 0.3017133515650562 
0.8807648401826484, 0.31967665904508563 
0.8912100456621005, 0.28830537497100545 
0.07779680365296804, 2.308351954311178 
0.22100456621004566, 2.2847087288569163 
0.3547945205479452, 2.2623784660517163 
0.3432648401826484, 1.9466159174170283 
0.5327054794520548, 1.3052487776316646 
0.6792237442922374, 0.9742834259061339 
0.5879566210045662, 1.1556420746263134 
0.6757420091324201, 0.9539924078532009 
0.8010273972602739, 0.5844559163097784 
0.7884132420091324, 0.5785360773062621 
0.7473173515981735, 0.6421041803526839 
0.7464041095890411, 0.6654600324352545 
0.7371004566210045, 0.6816517696422179 
0.7925228310502284, 0.5614494827861582 
0.7710045662100456, 0.7631242042258978 
0.7591894977168949, 0.6706631399800657 
0.7912100456621004, 0.5101127905328027 
0.8191780821917808, 0.4699125618893232 
0.8633561643835617, 0.3787762680988191 
0.9078767123287671, 0.29693510373762827 
0.8495433789954338, 0.4063539188778617 
0.8302511415525115, 0.4806696203769759 
0.8372716894977169, 0.4437419105927692 
0.8333333333333334, 0.41934269315692035 
0.9134703196347032, 0.28193194051572673 
0.823458904109589, 0.5187834555748806 
0.8497716894977169, 0.3750880026375924 
0.8959474885844749, 0.3013884735679524 
0.8405821917808219, 0.43347337355294013 
0.8700342465753425, 0.3269476995732974 
0.8395547945205479, 0.4607506560635126 
0.10005707762557077, 2.3047472510093203 
0.10034246575342466, 2.477747413935924 
0.29098173515981735, 2.2568926775847973 
0.2656963470319635, 2.2181787973827474 
0.463527397260274, 1.4525934204182502 
0.5628995433789954, 1.36121466450513 
0.5485730593607306, 1.4793683088589231 
0.6721461187214612, 1.128389195054142 
0.6473173515981735, 1.119767757880257 
0.6787100456621005, 0.9805146942042979 
0.6839041095890411, 0.9492821855535432 
0.6877853881278538, 0.9690525700531795 
0.7126141552511416, 0.9661760598770833 
0.7541095890410959, 0.7688365495116749 
0.788013698630137, 0.6859955059846322 
0.8056506849315068, 0.548280010825074 
0.7819634703196348, 0.6005733548419985 
0.8184931506849316, 0.5742060804990877 
0.8227739726027398, 0.5045830611298693 
0.8471461187214612, 0.41511520732610996 
0.8624429223744292, 0.4063320121843252 
0.8518835616438356, 0.3957090290172106 
0.8497716894977169, 0.3865210834694855 
0.8242009132420092, 0.44600493331820595 
0.8547374429223744, 0.363891968421609 
0.8538812785388128, 0.36677545018585583 
0.8646689497716895, 0.36168559795919153 
0.8353310502283106, 0.4464505003413751 
0.8193493150684932, 0.5301784484924191 
0.8556506849315069, 0.3571244804864727 
0.8485159817351599, 0.3760050038423931 
0.06883561643835616, 2.3106285158379336 
0.328824200913242, 2.2304664041282205 
0.17848173515981736, 2.5783169516825772 
0.5251141552511416, 2.009942779993527 
0.5095319634703196, 1.5529551083866684 
0.5954337899543379, 1.194064999224581 
0.5144406392694064, 1.1865121421857365 
0.7625570776255708, 0.7199118449259977 
0.6848744292237443, 0.8503280754966281 
0.7103881278538813, 0.7436053168495146 
0.7361301369863014, 0.6796742283271973 
0.794634703196347, 0.5803464504231497 
0.7472602739726028, 0.6740739539864066 
0.8153538812785388, 0.4849230205844503 
0.8348744292237443, 0.4958931258060416 
0.8579337899543379, 0.43329207149520016 
0.8146689497716895, 0.5029149670232298 
0.7764840182648401, 0.5591481964329043 
0.8337899543378996, 0.4431510205686543 
0.7784246575342466, 0.5944159270022219 
0.8351598173515982, 0.42077232894863753 
0.8228310502283105, 0.43775277176747013 
0.8036529680365296, 0.4913236021276729 
0.867865296803653, 0.358714786573136 
0.8200342465753425, 0.4506975062909767 
0.827054794520548, 0.452484877545199 
0.8075342465753425, 0.5025040862946957 
0.8361872146118722, 0.40132387417077464 
0.916837899543379, 0.2678603584033378 
0.9238013698630136, 0.25060461494133196 
0.9280251141552511, 0.2404682440063285 
0.10165525114155251, 2.301732231747319 
0.22037671232876713, 2.3359866502707622 
0.3901826484018265, 1.9574400772145204 
0.4748858447488584, 1.5799229554774932 
0.60074200913242, 1.3937824185720857 
0.5186643835616438, 1.355040674890815 
0.6345890410958904, 1.0210125943101018 
0.6486301369863013, 0.8880291247995682 
0.6269406392694064, 1.0410407284400562 
0.6982876712328767, 0.7780070603670228 
0.7350456621004566, 0.7352507706606051 
0.7176369863013699, 0.7378110360635151 
0.7380707762557077, 0.6759495302402075 
0.7510844748858447, 0.6444801197800526 
0.7135844748858448, 0.7503879610672368 
0.7296803652968037, 0.7456374969149784 
0.7429794520547945, 0.674641005944767 
0.8022831050228311, 0.5190061010937618 
0.8709474885844749, 0.3833396466885951 
0.7377283105022832, 0.6991850792355777 
0.8299657534246575, 0.4530680691448534 
0.8872146118721461, 0.3448735539019493 
0.884417808219178, 0.34753966668031183 
0.8251141552511415, 0.4414700198810879 
0.8058789954337899, 0.5775980901010609 
0.8350456621004566, 0.4236069254210443 
0.8131278538812785, 0.5348599336241446 
0.8143264840182648, 0.4987807984018823 
0.869406392694064, 0.3708408279324606 
0.8714041095890411, 0.3500497724230383 
0.8577054794520548, 0.3515054509681705 
0.13110730593607306, 2.300574947553608 
0.1009703196347032, 2.342503098853697 
0.25519406392694066, 2.3625354645160495 
0.44315068493150683, 1.8183924969953198 
0.5179223744292237, 1.3552708915787055 
0.6047945205479452, 1.125813836529908 
0.5980022831050228, 1.1906983694771183 
0.7012557077625571, 0.9113101864113811 
0.6934931506849316, 0.799725401554696 
0.7033675799086758, 0.8228464474654464 
0.5904109589041096, 1.0541121006822414 
0.6337899543378995, 1.128475492254034 
0.7438356164383562, 0.7269324797596411 
0.7534246575342466, 0.6329434541353398 
0.7724885844748859, 0.5871619753448016 
0.8088470319634703, 0.5901782446138698 
0.7720890410958904, 0.6518985918314969 
0.7950913242009132, 0.5321460275655501 
0.8625570776255708, 0.406212133469581 
0.8343607305936073, 0.45934973791347544 
0.8042237442922374, 0.5561741998523102 
0.7984589041095891, 0.6163377285167321 
0.8220319634703196, 0.46400134287600564 
0.8139840182648402, 0.5464606528561013 
0.8524543378995434, 0.3925471872335177 
0.8128995433789954, 0.4991065538308268 
0.8352739726027397, 0.4058294863478248 
0.8111872146118722, 0.5712321034636211 
0.8353881278538813, 0.4770170003657754 
0.8915525114155252, 0.30686007074665517 
0.8296232876712328, 0.4372219936366189 
0.11067351598173517, 2.3041923247836817 
0.14001141552511415, 2.264212621983489 
0.49703196347031964, 1.9885708007613514 
0.4502283105022831, 1.7796491870619529 
0.47785388127853884, 1.9555483524506458 
0.5259132420091325, 1.5871285871534135 
0.6922945205479452, 0.8984481498030703 
0.5030251141552512, 1.213217963281467 
0.7210616438356164, 0.7478866820903937 
0.718892694063927, 0.7641508183390355 
0.8216894977168949, 0.526677587553595 
0.8065068493150684, 0.541430562355229 
0.7937214611872146, 0.5527280089151254 
0.8457191780821918, 0.4807718550039571 
0.8031392694063927, 0.5146588351232375 
0.8323059360730594, 0.48514933464228593 
0.7413812785388127, 0.6938669885213042 
0.7692351598173516, 0.5862254017973387 
0.7607305936073059, 0.6467556926802845 
0.8152968036529681, 0.4931121743464226 
0.8535388127853881, 0.42129192805813714 
0.8041666666666667, 0.5332353582710814 
0.8033105022831051, 0.5384276007297827 
0.834189497716895, 0.4200916425718302 
0.8257990867579909, 0.5413832721119872 
0.815810502283105, 0.5835630151322043 
0.8293949771689497, 0.4625499412913648 
0.8305936073059361, 0.4199068256350149 
0.8911529680365297, 0.3220759091023812 
0.9150114155251141, 0.26751059311484465 
0.8727739726027397, 0.32161580717677707 
0.0867579908675799, 2.3054547393395013 
0.20428082191780822, 2.447211261753101 
0.42226027397260274, 2.2970438972686007 
0.46215753424657535, 1.6081290947755436 
0.4893835616438356, 1.4644049506101067 
0.5753424657534246, 1.1342304468241906 
0.6929223744292238, 0.8476268523891498 
0.7625, 0.7886037349668481 
0.7316780821917809, 0.8901941306977483 
0.7565639269406392, 0.8443883425279971 
0.7784817351598173, 0.5621908210613016 
0.7824771689497717, 0.5700204538348649 
0.8014840182648402, 0.6225076910647573 
0.7920662100456621, 0.5480126653044523 
0.7709474885844749, 0.7314346773500174 
0.7877853881278539, 0.6188481181853196 
0.8266552511415525, 0.4384857489610042 
0.8212328767123288, 0.5003257848224539 
0.8071347031963471, 0.6145950574941282 
0.818093607305936, 0.4839461758145549 
0.794634703196347, 0.5368583963309118 
0.8230593607305936, 0.4457027469795097 
0.8412671232876713, 0.4061124168017631 
0.8834474885844749, 0.3136098579934627 
0.9002853881278539, 0.3085203560787194 
0.8223173515981735, 0.4690132630125963 
0.880593607305936, 0.3464976084441392 
0.916095890410959, 0.2615403577664275 
0.8986872146118722, 0.3045449159893081 
0.8618721461187214, 0.3393310276519758 
0.8906392694063927, 0.2838394150607908 
0.10034246575342466, 2.306855359723703 
0.10028538812785388, 2.7130293742244405 
0.1867579908675799, 2.457294625029036 
0.3398401826484018, 2.0151216301034456 
0.560958904109589, 1.7352400248125766 
0.5531963470319635, 1.3907165571713498 
0.5998858447488584, 1.0228886876496306 
0.8024543378995433, 0.723288260669138 
0.684931506849315, 0.8300997023328077 
0.7950342465753425, 0.6041316018388307 
0.8057077625570777, 0.5576242687905159 
0.7317922374429223, 0.7023330385360659 
0.8182077625570776, 0.4939543329125625 
0.771175799086758, 0.6493941961681031 
0.7707191780821918, 0.7091840695383246 
0.7952625570776256, 0.6167551806457034 
0.7674086757990868, 0.7309400604430416 
0.803082191780822, 0.5892940974521742 
0.8285958904109589, 0.47282650237971635 
0.8365867579908676, 0.44306972957861834 
0.8131849315068493, 0.46716619029102396 
0.7754566210045662, 0.5896801162769345 
0.8379566210045662, 0.4156939572539051 
0.8901826484018265, 0.3193854075560076 
0.9081050228310502, 0.29633731681998693 
0.8745433789954338, 0.3581499376424369 
0.8561073059360731, 0.3666141301169414 
0.8534246575342466, 0.3941681834797196 
0.8629566210045662, 0.33913638244384064 
0.8808219178082192, 0.3356390510684227 
0.9111872146118721, 0.2738393070680714 
