acc, loss, temp
0.060715101667809, 2.312683458182648 
0.3698309344299749, 1.5878836044890607 
0.3758281928261366, 1.560988547577984 
0.3762280100525474, 1.5550946292063987 
0.3775988119716701, 1.550314297709925 
0.378055745944711, 1.547048670714207 
0.3785126799177519, 1.545848814503445 
0.37896961389079276, 1.5429946959638714 
0.37868403015764224, 1.5416241285013945 
0.37902673063742287, 1.5403518710841764 
0.3794836646104638, 1.53925465554207 
0.3794265478638337, 1.5384925249242012 
0.3800548320767649, 1.5375196825185469 
0.37965501485035413, 1.5370984201852467 
0.3802261823166552, 1.5361008701299652 
0.380111948823395, 1.5357640162346915 
0.38034041580991546, 1.534774640542701 
0.38028329906328534, 1.5345896551165916 
0.3805688827964359, 1.5337120628377487 
0.38068311628969614, 1.5332875793202354 
0.3809687000228467, 1.5329827990470275 
0.381140050262737, 1.5333547284657434 
0.3809115832762166, 1.5324264320404761 
0.3809115832762166, 1.5325583975832255 
0.38074023303632626, 1.5324715591509401 
0.38108293351610695, 1.5324657726769815 
0.3811971670093671, 1.5318173291987833 
0.38131140050262735, 1.5316152374409524 
0.38171121772903815, 1.5314913736599598 
0.3809687000228467, 1.5314080442170113 
0.3815398674891478, 1.5312990134810744 
0.1238291066940827, 2.3006742350017753 
0.4040438656614119, 1.5750014486377846 
0.41249714416266847, 1.5513602129241695 
0.41483893077450307, 1.5422983679459494 
0.4158670322138451, 1.5396940795078893 
0.4159812657071053, 1.5366762166077974 
0.416323966186886, 1.534668368422108 
0.41706648389307743, 1.5322860399745482 
0.41706648389307743, 1.5306263739693402 
0.41718071738633766, 1.5294119726694484 
0.41746630111948824, 1.5289522859022682 
0.41712360063970755, 1.5283325945608883 
0.41758053461274847, 1.5264353200125973 
0.41809458533241944, 1.5259698436588498 
0.4183230523189399, 1.5251355546260574 
0.41718071738633766, 1.5259316461001635 
0.41849440255883025, 1.523663289919219 
0.41855151930546036, 1.5231287652535062 
0.4187228695453507, 1.522721212652259 
0.4186657527987206, 1.5228251787129008 
0.41889421978524105, 1.5218815759156212 
0.4193511537582819, 1.5216549807166098 
0.4187228695453507, 1.5218236548205073 
0.41952250399817226, 1.521279198885157 
0.41946538725154214, 1.5209856747371502 
0.4192369202650217, 1.5208575823758426 
0.4196367374914325, 1.5210694824885231 
0.41980808773132283, 1.5205799687916757 
0.41952250399817226, 1.5204868047708764 
0.41980808773132283, 1.520263066021914 
0.41992232122458306, 1.520143470536802 
0.10058259081562715, 2.301637288541284 
0.40130226182316653, 1.5836653335931719 
0.4105551747772447, 1.5583041070194432 
0.4116975097098469, 1.5508606776090519 
0.41226867717614807, 1.5469906607738246 
0.4123829106694083, 1.5448910295510534 
0.41312542837559973, 1.542014616815702 
0.41381082933516106, 1.5394493960547047 
0.41415352981494175, 1.5379449517347288 
0.4123829106694083, 1.5413532340399398 
0.4146675805346127, 1.535538839913503 
0.4148960475211332, 1.5342857622449169 
0.4150673977610235, 1.5339829348231633 
0.41523874800091387, 1.53264976016536 
0.41552433173406444, 1.5315426811627268 
0.41546721498743433, 1.531694255905604 
0.41523874800091387, 1.5317322841332937 
0.4156385652273247, 1.5304380753244902 
0.41575279872058485, 1.5298005252342581 
0.4159812657071053, 1.529095907673631 
0.4164381996801462, 1.5289524072921161 
0.41615261594699565, 1.5286358615283258 
0.416323966186886, 1.5283735810498005 
0.41615261594699565, 1.528704602292096 
0.4164381996801462, 1.5279849846618707 
0.4167237834132968, 1.527854745190621 
0.41620973269362577, 1.5280851621533251 
0.4167237834132968, 1.527519357998747 
0.41649531642677634, 1.527460761437694 
0.41649531642677634, 1.527429602278708 
0.41649531642677634, 1.5272058067255168 
0.09875485492346356, 2.3096415853682366 
0.3369316883710304, 1.5971903120850495 
0.3461274845784784, 1.5715101004682592 
0.347955220470642, 1.5638934201303423 
0.34864062143020336, 1.5598528405102574 
0.34829792095042267, 1.5571053751925041 
0.3493831391363948, 1.5541137919866774 
0.349497372629655, 1.5528297266577933 
0.3502970070824766, 1.5509098660910994 
0.3504683573223669, 1.549344998965208 
0.35012565684258623, 1.5489368560519827 
0.35052547406899703, 1.5471876532041444 
0.35023989033584646, 1.54755524571641 
0.351039524788668, 1.5457371243825526 
0.3513251085218186, 1.5452883176062193 
0.3514393420150788, 1.544205744676779 
0.3508681745487777, 1.544395798761964 
0.3514393420150788, 1.5433306951710464 
0.3520676262280101, 1.5429458550537485 
0.35195339273474985, 1.5424160433213354 
0.3516678090015993, 1.5427230961404537 
0.3518391592414896, 1.5419732677251123 
0.3524674434544208, 1.5416812549715264 
0.35212474297464014, 1.5414204511602663 
0.3520676262280101, 1.5413545053996078 
0.35223897646790037, 1.541230661551012 
0.3520676262280101, 1.5411064224430553 
0.3520676262280101, 1.5409144179204988 
0.3523532099611606, 1.540630946483154 
0.35218185972127025, 1.540561076844425 
0.35252456020105094, 1.5404172162129564 
0.097955220470642, 2.3051846255782906 
0.36788896504455104, 1.5884352188149045 
0.3724011880283299, 1.5695665271909036 
0.37394334018734293, 1.561146376199321 
0.37462874114690425, 1.5576293965133279 
0.37542837559972586, 1.5552845426167103 
0.375485492346356, 1.55272956189047 
0.3762280100525474, 1.5506841143896122 
0.3767420607722184, 1.549556265756081 
0.3766849440255883, 1.5478418847619209 
0.3771989947452593, 1.546535005383263 
0.37737034498514965, 1.5457229615459145 
0.37737034498514965, 1.5445617425681317 
0.37754169522504, 1.5438445205201095 
0.37771304546493034, 1.5432785468423407 
0.37794151245145075, 1.5431576074325175 
0.37777016221156046, 1.5422921697031307 
0.37788439570482063, 1.5413782619388248 
0.37828421293123143, 1.5408037824811966 
0.3781699794379712, 1.5406098808689312 
0.3781128626913411, 1.5406691056774195 
0.3782270961846013, 1.539986900466595 
0.3785126799177519, 1.5397186610660114 
0.378055745944711, 1.539589774408823 
0.378569796664382, 1.5391720111316984 
0.37879826365090247, 1.5389842558721385 
0.37834132967786155, 1.5391230270588647 
0.37834132967786155, 1.5389719517110931 
0.37879826365090247, 1.5386368101186796 
0.379083847384053, 1.5384241584858527 
0.37891249714416264, 1.5383228975574552 
0.09629883481836875, 2.309981890079629 
0.3327621658670322, 1.5962422981739173 
0.3384167237834133, 1.5776722012813522 
0.3389307745030843, 1.5720645323529585 
0.3400159926890564, 1.566305246098737 
0.34058716015535756, 1.5640973538320826 
0.34087274388850813, 1.5618450143575902 
0.3412725611149189, 1.5606404584508535 
0.34190084532785014, 1.5577478937432387 
0.34195796207448026, 1.5566967762388693 
0.34218642906100066, 1.5557403749078813 
0.342357779300891, 1.5547349786423412 
0.3427004797806717, 1.5538339244039845 
0.3430431802604524, 1.552599572345601 
0.34287183002056204, 1.5525799066157875 
0.3431002970070825, 1.551157881656999 
0.34355723098012336, 1.550552408844493 
0.3433287639936029, 1.5503263784136814 
0.3440141649531643, 1.5496713093881842 
0.3437856979666438, 1.5502107258465108 
0.3437285812200137, 1.5493953810722156 
0.3441283984464245, 1.5488362197299672 
0.3430431802604524, 1.5507987407901123 
0.34424263193968474, 1.5484704700290073 
0.34429974868631485, 1.5482394051917294 
0.3441855151930546, 1.5487500613935812 
0.34424263193968474, 1.5479561479140873 
0.3440712816997944, 1.5485558316746242 
0.34441398217957503, 1.5476763283032795 
0.3447566826593557, 1.5477097076943314 
0.3446995659127256, 1.5478668850761674 
0.0961274845784784, 2.3035609521938643 
0.40273018048891934, 1.5767601566861973 
0.4106122915238748, 1.5529786464381756 
0.4119830934429975, 1.5464596375983217 
0.4130683116289696, 1.5415191226440694 
0.41312542837559973, 1.539911693415601 
0.41312542837559973, 1.5379488109327546 
0.4136965958419008, 1.5357250198986927 
0.4143248800548321, 1.5333681319335541 
0.41375371258853094, 1.5332854942262115 
0.4146675805346127, 1.5309398896098718 
0.41449623029472243, 1.5308265373140635 
0.4153529814941741, 1.5287965418155474 
0.41483893077450307, 1.5286762417281359 
0.4154100982408042, 1.5273660661247523 
0.41518163125428376, 1.5278359122430782 
0.4156385652273247, 1.5263988044003058 
0.41523874800091387, 1.5271014270021677 
0.41609549920036554, 1.525272843753019 
0.41620973269362577, 1.5248960511854588 
0.416323966186886, 1.5245389060456034 
0.41620973269362577, 1.524423337121855 
0.41558144848069456, 1.5248142780582083 
0.4158670322138451, 1.5247129965884252 
0.4164381996801462, 1.5236430021687009 
0.41649531642677634, 1.5235577320145939 
0.4169522503998172, 1.523266285868777 
0.4166666666666667, 1.523063715182656 
0.41660954992003657, 1.5230424313676572 
0.4169522503998172, 1.5229805943152934 
0.4167237834132968, 1.522706321019098 
0.054774960018277356, 2.30565934918309 
0.3396732922092758, 1.598137627869137 
0.3476696367374914, 1.5714483862595485 
0.3493260223897647, 1.563546825557466 
0.3497829563628056, 1.5604559575805785 
0.3510966415352981, 1.5564147317637635 
0.3513251085218186, 1.5542434757984562 
0.35189627598811973, 1.5518281070292843 
0.35149645876170893, 1.551949675715301 
0.35189627598811973, 1.5499469809426314 
0.35258167694768106, 1.5477910666394719 
0.3524674434544208, 1.5477188913660953 
0.3526959104409413, 1.5470689254099694 
0.3532099611606123, 1.5451097648666134 
0.35263879369431117, 1.545118889256923 
0.35355266164039295, 1.5441577191372118 
0.3536668951336532, 1.5429509905436865 
0.3537240118802833, 1.5427015539969768 
0.35395247886680375, 1.5420208101004445 
0.3544094128398446, 1.5416016305432907 
0.35429517934658444, 1.5411767242748808 
0.35435229609321456, 1.5408940849128965 
0.35435229609321456, 1.541052495071606 
0.3541809458533242, 1.540601736859756 
0.35429517934658444, 1.540244997601334 
0.35423806259995433, 1.5404113399143158 
0.3547521133196253, 1.53972091822901 
0.35492346355951565, 1.5396609699783268 
0.3550376970527759, 1.5394424462400884 
0.3550376970527759, 1.5393001864409965 
0.35486634681288554, 1.53925047827442 
0.08910212474297464, 2.3081322660427968 
0.40181631254283756, 1.581394283540986 
0.4072995202193283, 1.5618620850707454 
0.40884167237834135, 1.553940204230896 
0.409698423577793, 1.5499317656111977 
0.4086132053918209, 1.5507386552475446 
0.4105551747772447, 1.5451322222044388 
0.41084075851039525, 1.5430807393755182 
0.4112976924834361, 1.5414377068010563 
0.410726525017135, 1.542060132275013 
0.4115261594699566, 1.5394971687170296 
0.4116403929632168, 1.5382910862221768 
0.41181174320310715, 1.5375251267173924 
0.4120973269362577, 1.536823404498329 
0.4123829106694083, 1.535679027749612 
0.41221156042951795, 1.5352728987182525 
0.41221156042951795, 1.5346572206128135 
0.4123829106694083, 1.534175154077812 
0.4129540781357094, 1.5341408795394633 
0.41272561114918893, 1.5340459362284502 
0.41249714416266847, 1.5333876531735187 
0.4126684944025588, 1.533251656653693 
0.4125542609092986, 1.5330265058503396 
0.41312542837559973, 1.5325454330420822 
0.41283984464244916, 1.5325387135104611 
0.4126684944025588, 1.5331330037804431 
0.4129540781357094, 1.532254494740151 
0.4134110121087503, 1.5320154381440965 
0.41323966186885996, 1.5318223069190282 
0.41323966186885996, 1.5317887370671515 
0.4136394790952707, 1.5316584845049832 
0.08933059172949509, 2.3138890596291493 
0.371430203335618, 1.5888584773114862 
0.3794265478638337, 1.566363996600552 
0.3799405985835047, 1.5593346594097162 
0.38136851724925747, 1.5557292600160606 
0.38165410098240804, 1.5535361845023938 
0.3819396847155586, 1.551080866456549 
0.38233950194196936, 1.5492827235971087 
0.3825108521818597, 1.5482728102931298 
0.38176833447566827, 1.5481129580429394 
0.38273931916838017, 1.5454392385112425 
0.38308201964816085, 1.5441182915464877 
0.3832533698880512, 1.5441108737890479 
0.3834818368745716, 1.5420188275741062 
0.38365318711446195, 1.5418636582094063 
0.3839387708476125, 1.5408458571146215 
0.3838816541009824, 1.540011233040225 
0.3842814713273932, 1.5396046548299522 
0.38399588759424264, 1.5393322008446657 
0.3842814713273932, 1.5390258452618162 
0.3842814713273932, 1.5385102096315046 
0.3845099383139136, 1.538358577074719 
0.3845670550605437, 1.5381898262911788 
0.38462417180717384, 1.5377327681709683 
0.3847955220470642, 1.5374213878455683 
0.38473840530043407, 1.537415569156534 
0.3845670550605437, 1.5373199227678749 
0.3851382225268449, 1.5370835869030326 
0.38496687228695453, 1.5367838673298044 
0.38468128855380396, 1.536983480093045 
0.38496687228695453, 1.5366088607773492 
0.1099497372629655, 2.3030228588417287 
0.3657756454192369, 1.584148766281428 
0.3701165181631254, 1.5593125084920396 
0.3723440712816998, 1.5516438387272682 
0.3728581220013708, 1.5490387847072284 
0.37297235549463104, 1.5459746105684649 
0.3738291066940827, 1.5438218020246506 
0.37440027416038385, 1.541069870043639 
0.3742289239204935, 1.5399480772431515 
0.3742860406671236, 1.5394458008308483 
0.37468585789353437, 1.537457333604536 
0.374514507653644, 1.536909829286123 
0.37531414210646563, 1.5354476283035097 
0.375485492346356, 1.5343578540987968 
0.3755426090929861, 1.533526969992877 
0.37497144162668494, 1.5344717929920424 
0.37605665981265707, 1.5325063354629873 
0.3761708933059173, 1.5321036554233578 
0.3758853095727667, 1.5315803020076164 
0.3758853095727667, 1.5314229446934258 
0.37605665981265707, 1.531114895594543 
0.3762280100525474, 1.5304734247216047 
0.3766849440255883, 1.5301611596665228 
0.3762851267991775, 1.5301538258954213 
0.3762851267991775, 1.5296825874536077 
0.3762851267991775, 1.529724578985844 
0.37639936029243776, 1.5293639966166688 
0.37634224354580764, 1.529485691126079 
0.3766278272789582, 1.529230872244801 
0.37634224354580764, 1.5291555221414879 
0.3765707105323281, 1.5287776999908165 
0.10103952478866804, 2.30699041563136 
0.3999314599040439, 1.5869331687058763 
0.40604295179346583, 1.5624179308027937 
0.40804203792551974, 1.5540563124521116 
0.40912725611149187, 1.5496695486762826 
0.40946995659127255, 1.547328154420071 
0.4100982408042038, 1.5447106520958491 
0.41015535755083393, 1.5429703467105267 
0.410726525017135, 1.5409591627797994 
0.4106122915238748, 1.540118303465099 
0.41084075851039525, 1.538914721940682 
0.41089787525702537, 1.5378666632326463 
0.4116403929632168, 1.5363478658147542 
0.41175462645647704, 1.5363440089662073 
0.4116403929632168, 1.5354174077038238 
0.4120402101896276, 1.5343620503709487 
0.41181174320310715, 1.5336285569401509 
0.41175462645647704, 1.535546091631055 
0.4119830934429975, 1.5332245756993963 
0.4123257939227782, 1.5325398238688674 
0.4126684944025588, 1.5321045321102773 
0.41244002741603836, 1.5323391798351618 
0.41278272789581905, 1.5315924321398169 
0.4125542609092986, 1.5314840937651177 
0.4126113776559287, 1.5314144830163412 
0.4129540781357094, 1.5309725183743448 
0.41318254512222985, 1.5311072774353436 
0.4130111948823395, 1.530923083537589 
0.41318254512222985, 1.5306271911951133 
0.4128969613890793, 1.5305532017131673 
0.4130111948823395, 1.5303776013494605 
0.08384738405300433, 2.3065251298078144 
0.38902216129769246, 1.5811521217478475 
0.39541923692026504, 1.5556350630249376 
0.3958190541466758, 1.549074046295388 
0.3972469728124286, 1.5458905624305257 
0.3983321909984007, 1.5415763014348312 
0.3986177747315513, 1.5395126822309162 
0.39873200822481153, 1.5384526929812028 
0.39936029243774274, 1.5359475836788448 
0.3996458761708933, 1.5346108325146133 
0.39981722641078365, 1.5334233216405102 
0.3997029929175234, 1.532652301288716 
0.400502627370345, 1.531147679498485 
0.4001599268905643, 1.5306810727387161 
0.4006739776102353, 1.529897520794841 
0.40044551062371486, 1.528960855402228 
0.40084532785012567, 1.5286921357744834 
0.4015878455563171, 1.5280401446101621 
0.4010737948366461, 1.5272231156786875 
0.4009595613433859, 1.5276438191198782 
0.401016678090016, 1.526796867671239 
0.40135937856979664, 1.526154668838193 
0.40135937856979664, 1.525721822461108 
0.40170207904957733, 1.525358324771627 
0.4019876627827279, 1.526449328965473 
0.4019876627827279, 1.5250238409812547 
0.4019876627827279, 1.5248139554434101 
0.40170207904957733, 1.5245937392234072 
0.4018734292894677, 1.524514134182269 
0.40181631254283756, 1.5243814668632467 
0.40175919579620745, 1.5242506559534519 
0.11400502627370344, 2.301429055210288 
0.38542380625999545, 1.5897210500103542 
0.3955905871601554, 1.560097629530622 
0.39610463787982636, 1.554688317805425 
0.39798949051862004, 1.5479713393212369 
0.3986177747315513, 1.5449014285565028 
0.39873200822481153, 1.5428049077277963 
0.3991318254512223, 1.5404576043838627 
0.3995887594242632, 1.5388426480864763 
0.3995316426776331, 1.537731024036662 
0.39987434315741377, 1.5365726064939305 
0.4002741603838245, 1.5356786802979812 
0.400502627370345, 1.534415329478624 
0.4006168608636052, 1.533724038715504 
0.40073109435686544, 1.5325603445803293 
0.4009595613433859, 1.5325206299589995 
0.4009024445967558, 1.5314305371870363 
0.40118802832990635, 1.530906011459767 
0.401016678090016, 1.5309137444068552 
0.40141649531642676, 1.5300936536175351 
0.401530728809687, 1.5296680755998253 
0.4010737948366461, 1.5295374443492542 
0.4018734292894677, 1.5303684783344897 
0.4019305460360978, 1.5290016088358227 
0.402044779529358, 1.5285275753898857 
0.402044779529358, 1.5283743141170645 
0.4018734292894677, 1.528203445643881 
0.4015878455563171, 1.527925345771849 
0.4018734292894677, 1.52784117325333 
0.40215901302261825, 1.5276315855977007 
0.40170207904957733, 1.5275499992660777 
0.11846013251085218, 2.301321393615417 
0.4182088188256797, 1.5642279133556112 
0.42517706191455334, 1.5394598416839507 
0.4250628284212931, 1.5335406186133376 
0.4270047978067169, 1.528033102001464 
0.427061914553347, 1.5256513439519568 
0.4280328992460589, 1.5228039955700285 
0.42751884852638794, 1.5225518897195378 
0.4283184829792095, 1.5198861118791178 
0.42860406671236007, 1.519123608148567 
0.42888965044551064, 1.517629699901668 
0.42900388393877087, 1.516323163857739 
0.42894676719214075, 1.5162031531037246 
0.4292323509252913, 1.5147751242802494 
0.42946081791181173, 1.5140086041509977 
0.4294037011651816, 1.5131911274451781 
0.42946081791181173, 1.513599218419742 
0.42946081791181173, 1.5121513339489798 
0.4298035183915924, 1.5124270622947764 
0.42951793465844185, 1.51150092496393 
0.42991775188485265, 1.5109860415015008 
0.4300319853781129, 1.510734126217991 
0.4300319853781129, 1.5104420690774247 
0.4303746858578935, 1.5102537037972712 
0.430089102124743, 1.5101102990290247 
0.43094585332419466, 1.5107316231625532 
0.43083161983093443, 1.5098095603835864 
0.43043180260452363, 1.509468301104017 
0.4303175691112634, 1.509396809812282 
0.43043180260452363, 1.5092495003240605 
0.43088873657756455, 1.5093711182148488 
0.08036326250856751, 2.2967029077861145 
0.3866803746858579, 1.5744736687128276 
0.39473383596070366, 1.5502898841312691 
0.39547635366689515, 1.5444858654411389 
0.395933287639936, 1.5410046203831205 
0.3966186885994974, 1.5376158429876305 
0.3973040895590587, 1.5349535126743268 
0.3975896732922093, 1.533396827955858 
0.3975325565455792, 1.5318914859727322 
0.39781814027872975, 1.5307139009306168 
0.3982750742517706, 1.5295891618818869 
0.3982750742517706, 1.5280918466560387 
0.39810372401188027, 1.5275540963043066 
0.3983321909984007, 1.5265045630360279 
0.39804660726525015, 1.527259008301508 
0.39873200822481153, 1.525429651665709 
0.39907470870459216, 1.5246987454491676 
0.39941740918437285, 1.5241542024167614 
0.39936029243774274, 1.5238869993853703 
0.3986177747315513, 1.5246591568472927 
0.39947452593100297, 1.523142670139031 
0.39941740918437285, 1.5229244678469223 
0.3992460589444825, 1.522763735421978 
0.3997029929175234, 1.5225477864147148 
0.399988576650674, 1.5221320000227498 
0.3996458761708933, 1.522166755934982 
0.3999314599040439, 1.5222408675972388 
0.4000456933973041, 1.522109384714977 
0.3999314599040439, 1.5215952850496972 
0.399988576650674, 1.5214996714421976 
0.39987434315741377, 1.5213548155517154 
0.09624171807173863, 2.300955315218627 
0.33287639936029245, 1.5925479381750445 
0.3420721955677405, 1.5654783837845259 
0.3441283984464245, 1.5575546696003917 
0.3447566826593557, 1.5536109189416467 
0.34492803289924606, 1.551668455699616 
0.3465273018048892, 1.547808872114848 
0.34681288553803974, 1.5458497461586898 
0.3460703678318483, 1.545438152051738 
0.34726981951108066, 1.5429478362892926 
0.3465273018048892, 1.5435923705086045 
0.3474982864976011, 1.5407365186199187 
0.34726981951108066, 1.5402832334113585 
0.3476696367374914, 1.5391417891391619 
0.34789810372401186, 1.5386570717779775 
0.3480123372172721, 1.5379986775956678 
0.347955220470642, 1.5374366628972322 
0.3485263879369431, 1.5369605901970949 
0.34829792095042267, 1.5363056215639557 
0.3481265707105323, 1.5361506414253145 
0.3480694539639022, 1.536383823027932 
0.3483550376970528, 1.53530979129669 
0.34915467214987433, 1.5353461945525009 
0.348469271190313, 1.5351444624175397 
0.3487548549234636, 1.5346241188681964 
0.34881197167009365, 1.534668600350284 
0.34886908841672376, 1.534443635486666 
0.34926890564313456, 1.5342474680338996 
0.3490975554032442, 1.5341204556293575 
0.3489262051633539, 1.5339209489481764 
0.34926890564313456, 1.5338903574611367 
0.09287183002056203, 2.3071997898225565 
0.3823966186885995, 1.57801165732987 
0.3901073794836646, 1.5530450609884756 
0.39067854694996573, 1.547069060557346 
0.3914781814027873, 1.5435840469840811 
0.39142106465615717, 1.5411361024047052 
0.39239204934886907, 1.5389205101034074 
0.39239204934886907, 1.5376981617487009 
0.39267763308201964, 1.5356893290276394 
0.3933059172949509, 1.5347218860989555 
0.393363034041581, 1.5339551988317772 
0.393877084761252, 1.5319166181562702 
0.3934201507882111, 1.5320019110638186 
0.39364861777473154, 1.530910117726518 
0.393877084761252, 1.5298023695687641 
0.3942769019876628, 1.529585864255467 
0.3945624857208133, 1.5303595032449377 
0.39467671921407355, 1.5281634340716026 
0.3945624857208133, 1.5276346388333197 
0.39467671921407355, 1.5274637315939312 
0.394905186200594, 1.526966141705125 
0.3951907699337446, 1.5269870003031174 
0.3949623029472241, 1.5265983218471253 
0.39507653644048435, 1.526349376634806 
0.3953050034270048, 1.5263011192700862 
0.3953621201736349, 1.5261252249562627 
0.39513365318711446, 1.5257587565663198 
0.3952478866803747, 1.5255771174215156 
0.3949623029472241, 1.5256055639320958 
0.3953050034270048, 1.5255553841468503 
0.39541923692026504, 1.525273277785713 
0.11006397075622573, 2.310099705712486 
0.41718071738633766, 1.5938021312701474 
0.42386337674206076, 1.5721226788404696 
0.4244345442083619, 1.5659862429140325 
0.42517706191455334, 1.5611745442954235 
0.4263193968471556, 1.5579213366113331 
0.426033813114005, 1.5571809439400544 
0.42620516335389536, 1.5542286826289575 
0.4272903815398675, 1.5526144431287339 
0.42717614804660725, 1.5510844503547931 
0.42763308201964817, 1.5494709827057442 
0.42809001599268903, 1.548880121214927 
0.42797578249942886, 1.547909353429627 
0.4283184829792095, 1.5465842535591794 
0.42854694996572995, 1.5462711991639428 
0.42809001599268903, 1.546480811382096 
0.42888965044551064, 1.5449343990624118 
0.4288325336988805, 1.5443362361205972 
0.4286611834589902, 1.5440348503014965 
0.4287183002056203, 1.5437839851448196 
0.42900388393877087, 1.543314838046434 
0.42888965044551064, 1.5429739917876524 
0.4288325336988805, 1.5430201921297042 
0.42951793465844185, 1.5425758424921847 
0.4294037011651816, 1.5423560452543 
0.4292894676719214, 1.542062161850616 
0.4292323509252913, 1.541888218204626 
0.42957505140507196, 1.5418329595025566 
0.42946081791181173, 1.5418621927112481 
0.4296321681517021, 1.5417019053884828 
0.42951793465844185, 1.5417135324231677 
0.098983321909984, 2.2989509548394733 
0.38228238519533925, 1.5870105852406713 
0.388279643591501, 1.5646162887079418 
0.3898789124971442, 1.5581271135915633 
0.3890792780443226, 1.5559963610108003 
0.39079278044322596, 1.551870715348706 
0.3919351153758282, 1.5482607937786734 
0.39216358236234866, 1.546292098543543 
0.3925062828421293, 1.5451438905694221 
0.3925633995887594, 1.5438199060601092 
0.39284898332191, 1.5421976206886403 
0.3933059172949509, 1.5410942538666998 
0.3932488005483208, 1.5402369974082153 
0.39313456705506056, 1.5402876868175257 
0.3935343842814713, 1.5388399069851884 
0.3938199680146219, 1.5378570247093672 
0.3939342015078821, 1.5381886083420617 
0.3939913182545122, 1.536869262993102 
0.39410555174777245, 1.536810489838175 
0.393877084761252, 1.5361925559220126 
0.3938199680146219, 1.53603546715808 
0.3939342015078821, 1.5357793511919307 
0.3942197852410327, 1.5353653582189632 
0.3942769019876628, 1.5352178155358447 
0.39473383596070366, 1.534804992299113 
0.3942197852410327, 1.5347024222603907 
0.3949623029472241, 1.535256450512296 
0.394391135480923, 1.5348069607610486 
0.39461960246744343, 1.5340098029523679 
0.39461960246744343, 1.533999772745912 
0.394905186200594, 1.5338462987249082 
0.09053004340872745, 2.3032581887627375 
0.4029586474754398, 1.574657842214308 
0.40878455563171123, 1.5484128851906747 
0.40981265707105324, 1.541330418614412 
0.41118345899017594, 1.537352819186331 
0.41038382453735434, 1.5352754313775812 
0.4119259766963674, 1.532435139707491 
0.41215444368288784, 1.5307713146862922 
0.41215444368288784, 1.5297941389155907 
0.4123829106694083, 1.5277433803876903 
0.41278272789581905, 1.5267709633799893 
0.41312542837559973, 1.5252942781713752 
0.4133538953621202, 1.5247521152553425 
0.4126684944025588, 1.5247408397032167 
0.41375371258853094, 1.5229100075104638 
0.4134681288553804, 1.522525854673264 
0.41381082933516106, 1.5216330860347391 
0.41386794608179117, 1.5213694499224428 
0.4139250628284213, 1.5209024034546677 
0.41421064656157186, 1.520238220492622 
0.414267763308202, 1.5203397774642453 
0.41449623029472243, 1.5200426039634511 
0.414267763308202, 1.5195619302474106 
0.4143248800548321, 1.5193028284586312 
0.4144391135480923, 1.519016704703171 
0.41461046378798266, 1.5188746302670626 
0.4146675805346127, 1.5186177796296965 
0.41472469728124284, 1.518463612427266 
0.41461046378798266, 1.5182861233948293 
0.4144391135480923, 1.5182403753989846 
0.41478181402787295, 1.5182706543046893 
0.06614119259766964, 2.307064692437194 
0.36823166552433173, 1.5840629052373452 
0.37462874114690425, 1.559601921154391 
0.3772561114918894, 1.5505346513488976 
0.3771418779986292, 1.548043178246392 
0.378055745944711, 1.5445592616962547 
0.3781699794379712, 1.5431852458044164 
0.3788553803975326, 1.5397591678009135 
0.3791980808773132, 1.5383148611458373 
0.37925519762394333, 1.5375691229730848 
0.379597898103724, 1.5362205546566206 
0.3799405985835047, 1.5348532155914107 
0.3801690655700251, 1.5340915529239363 
0.38034041580991546, 1.5334340225015786 
0.3804546493031757, 1.532298200284782 
0.38039753255654557, 1.5320051739320868 
0.38034041580991546, 1.5317398641908975 
0.38074023303632626, 1.5311584241866223 
0.3805688827964359, 1.530592520410788 
0.38108293351610695, 1.5309955929107082 
0.3815969842357779, 1.5303741681554008 
0.3807973497829564, 1.5294276384215502 
0.38136851724925747, 1.5289808610436797 
0.38136851724925747, 1.5289362118941465 
0.38171121772903815, 1.5286734069227181 
0.3814827507425177, 1.5284527398139043 
0.3819396847155586, 1.528333319852152 
0.3814256339958876, 1.5290956932763828 
0.3819396847155586, 1.528157022644076 
0.38136851724925747, 1.5279146125297718 
0.38136851724925747, 1.5278494757747278 
0.09932602238976468, 2.3027150027624526 
0.39981722641078365, 1.5811739660844826 
0.4059858350468357, 1.557774377784556 
0.4076993374457391, 1.5502665859885036 
0.40884167237834135, 1.5456433366438682 
0.4083276216586703, 1.5445866208710937 
0.4099268905643135, 1.5397578789446473 
0.41049805803061457, 1.5378991033383667 
0.41044094128398445, 1.5365995337463538 
0.4105551747772447, 1.5350487339393977 
0.4106694082705049, 1.5345932379411453 
0.41135480923006623, 1.5332934670023426 
0.4112976924834361, 1.5321438153759954 
0.4116403929632168, 1.5312919633953035 
0.41146904272332646, 1.5307732317736518 
0.4120402101896276, 1.5300848521321315 
0.4116975097098469, 1.5301658658977115 
0.41226867717614807, 1.5291463936881475 
0.4119830934429975, 1.5289232709827385 
0.4119830934429975, 1.529095164418381 
0.41249714416266847, 1.5277791157976086 
0.41249714416266847, 1.527447570455485 
0.41249714416266847, 1.5273091626600614 
0.41249714416266847, 1.5271171469744316 
0.4128969613890793, 1.526893266483714 
0.41323966186885996, 1.526676620682317 
0.4130111948823395, 1.5265555157619106 
0.4126113776559287, 1.5266226889341301 
0.4128969613890793, 1.5262878653687444 
0.4129540781357094, 1.5261751725472676 
0.41323966186885996, 1.5260177658643068 
0.09298606351382226, 2.300011444455795 
0.40370116518163124, 1.5722653544499923 
0.40907013936486175, 1.5518605538740096 
0.4099840073109436, 1.545729668181799 
0.41089787525702537, 1.5415180186829824 
0.4106694082705049, 1.5399970730064896 
0.4119259766963674, 1.537307548331885 
0.41215444368288784, 1.5351234309794026 
0.41186885994973726, 1.5349335863169686 
0.4120402101896276, 1.5328166996859378 
0.41244002741603836, 1.5316857008138154 
0.4130683116289696, 1.5303141599379093 
0.4130111948823395, 1.5297382394205565 
0.4132967786154901, 1.5285256989420566 
0.4136394790952707, 1.527720355977928 
0.4134681288553804, 1.5277579416395641 
0.41375371258853094, 1.5271927076898038 
0.41381082933516106, 1.525830548066779 
0.41409641306831163, 1.5252438488943505 
0.4140392963216815, 1.524865841803939 
0.414267763308202, 1.5245471111266464 
0.41409641306831163, 1.5245437749887443 
0.41421064656157186, 1.5242999085054363 
0.41449623029472243, 1.524163162590698 
0.4143248800548321, 1.5238091366465427 
0.41455334704135255, 1.5236024798910361 
0.4146675805346127, 1.5231842823737063 
0.4144391135480923, 1.5232827784968044 
0.4148960475211332, 1.522822995190321 
0.4146675805346127, 1.5229214979230412 
0.41461046378798266, 1.5226568948100012 
0.10960703678318483, 2.30465736589359 
0.4230637422892392, 1.568179524611177 
0.4274046150331277, 1.5490533780365618 
0.4287183002056203, 1.540991029526371 
0.42951793465844185, 1.5363825037645402 
0.4303175691112634, 1.533803698534353 
0.43083161983093443, 1.5312461120907712 
0.4302604523646333, 1.5302830858204859 
0.4307173863376742, 1.5290665139914401 
0.431117203564085, 1.5273414915274992 
0.43048891935115374, 1.5289697203598833 
0.4317454877770162, 1.5250617165081144 
0.4318026045236463, 1.5246232194584506 
0.43157413753712587, 1.5236808600080436 
0.4324308887365776, 1.52267300170573 
0.4320881882567969, 1.5223185494992675 
0.4320310715101668, 1.52198473984776 
0.43294493945624857, 1.520891438821506 
0.4324308887365776, 1.5207860940081552 
0.43294493945624857, 1.5202760042707941 
0.43283070596298834, 1.519907492463913 
0.4330591729495088, 1.5195999739634665 
0.4330591729495088, 1.5195616724515524 
0.4327164724697281, 1.5193786642917124 
0.4334018734292895, 1.5190533803389732 
0.43328763993602926, 1.5188518038318235 
0.4334018734292895, 1.5188047457742937 
0.4335161069225497, 1.5186029397697889 
0.43323052318939914, 1.5185992510520403 
0.4331162896961389, 1.5184892515802424 
0.4334018734292895, 1.5182387016374448 
0.10903586931688371, 2.3049120026235363 
0.37697052775873885, 1.5905342506592692 
0.3858236234864062, 1.5635874292389458 
0.38708019191226867, 1.5562541683559494 
0.3866803746858579, 1.555576992490912 
0.3881654100982408, 1.5497381909596288 
0.3882225268448709, 1.5485036658599034 
0.3890792780443226, 1.5459967541558925 
0.3886223440712817, 1.5458384640044136 
0.3886794608179118, 1.5439513616053484 
0.3895933287639936, 1.542599793360599 
0.38976467900388395, 1.5416847078125218 
0.3904500799634453, 1.539788934065502 
0.3898789124971442, 1.540021856411508 
0.3896504455106237, 1.5396455859937976 
0.3904500799634453, 1.5376380744658065 
0.39067854694996573, 1.5374212206448041 
0.39113548092300665, 1.5366658404460836 
0.3906214302033356, 1.5369392159384814 
0.39107836417637654, 1.5358303143326884 
0.39107836417637654, 1.5355912611066085 
0.39136394790952705, 1.5352995474558138 
0.39073566369659585, 1.5356247534448395 
0.39142106465615717, 1.534897954816179 
0.39136394790952705, 1.534652530895257 
0.39176376513593786, 1.5344751653028441 
0.3915352981494174, 1.5343295533046974 
0.391820881882568, 1.534232622950668 
0.39176376513593786, 1.5342031039903097 
0.3912497144162668, 1.5342150571862354 
0.39176376513593786, 1.5338609078506151 
0.08042037925519763, 2.305799713435064 
0.34395704820653417, 1.58434657509117 
0.351039524788668, 1.560552724739832 
0.3533813114005026, 1.5504438977875559 
0.3541238291066941, 1.5466732330844322 
0.35492346355951565, 1.5437055504935873 
0.35486634681288554, 1.5417142587628359 
0.35538039753255657, 1.539896716008903 
0.355608864519077, 1.5379825649180454 
0.3560086817454878, 1.5371566581395462 
0.3564084989718986, 1.5357693314502503 
0.35629426547863835, 1.5347347197500718 
0.356636965958419, 1.535095441767745 
0.3564656157185287, 1.5330603819339392 
0.3565798492117889, 1.5322899612405716 
0.3570367831848298, 1.5316871385410185 
0.35720813342472013, 1.5316625077326942 
0.3570367831848298, 1.5312088595283382 
0.3570367831848298, 1.5306640419891926 
0.3575508339045008, 1.5299995931900017 
0.35715101667809, 1.5298555171236834 
0.3570938999314599, 1.5298843276260472 
0.3574366004112406, 1.5292544769975862 
0.35789353438428145, 1.52911028188434 
0.35783641763765134, 1.5288611632605638 
0.35766506739776105, 1.5286606848749882 
0.3584647018505826, 1.5285712804236524 
0.358179118117432, 1.528882460865466 
0.3580077678775417, 1.528750813618611 
0.3580648846241718, 1.5280800310922737 
0.3581220013708019, 1.5280507362509899 
0.0874457390907014, 2.30417895262478 
0.4058144848069454, 1.580809527305879 
0.4150673977610235, 1.5545829306465693 
0.4148960475211332, 1.5480317044419238 
0.41655243317340646, 1.5427022506740695 
0.4176376513593786, 1.5393623687239535 
0.4179803518391592, 1.5371450890418386 
0.41809458533241944, 1.5355428157410542 
0.4182088188256797, 1.5342686163887505 
0.41849440255883025, 1.5330512947806088 
0.4186086360520905, 1.5317170126865416 
0.4187228695453507, 1.5311203646667093 
0.4190084532785013, 1.529925236936346 
0.4190655700251314, 1.5295531865812537 
0.4192369202650217, 1.5283158117441784 
0.41912268677176145, 1.5281157892735469 
0.41917980351839157, 1.5279967054142927 
0.4193511537582819, 1.5266408706876096 
0.41992232122458306, 1.5262090510986515 
0.41986520447795295, 1.5256357199327308 
0.41952250399817226, 1.525284399431477 
0.4201507882111035, 1.5249830213101951 
0.4202650217043637, 1.52480766063069 
0.41992232122458306, 1.5247331843368943 
0.4200365547178433, 1.5243783543972704 
0.4202650217043637, 1.5241018754686901 
0.4200936714644734, 1.5239611950408989 
0.4199794379712132, 1.5238784249841455 
0.4203792551976239, 1.5239093473617364 
0.4206077221841444, 1.5235093489305733 
0.42089330591729496, 1.5232448306634596 
0.10161069225496916, 2.3117988828029343 
0.4056431345670551, 1.567888297306379 
0.4109549920036555, 1.548382377315428 
0.41244002741603836, 1.5410746964363302 
0.4130111948823395, 1.53752646370786 
0.4134681288553804, 1.5344691741035819 
0.41226867717614807, 1.5369270026174533 
0.41472469728124284, 1.5304135867338062 
0.4144391135480923, 1.5295641445572594 
0.4150673977610235, 1.5277229332581364 
0.4143819968014622, 1.5280246748678046 
0.41558144848069456, 1.5256389288706496 
0.4146675805346127, 1.525714289631993 
0.41558144848069456, 1.5238499652081028 
0.4160383824537354, 1.5233014189294911 
0.41615261594699565, 1.522536716415374 
0.4160383824537354, 1.5222152149484613 
0.41609549920036554, 1.5214035953331773 
0.4162668494402559, 1.5208416139247396 
0.4164381996801462, 1.5205458356584298 
0.4162668494402559, 1.5201703345762194 
0.41655243317340646, 1.5199640609045926 
0.41660954992003657, 1.5197940075230572 
0.4163810829335161, 1.5197504421547157 
0.4167809001599269, 1.5193414451104896 
0.4166666666666667, 1.519218126092631 
0.41683801690655703, 1.5189685304460636 
0.41683801690655703, 1.5190745858745107 
0.417352067626228, 1.5189407611234231 
0.4166666666666667, 1.5185904944320474 
0.41655243317340646, 1.5187726642663755 
0.14747543979894906, 2.298854627909551 
0.4398560657984921, 1.5711826336950434 
0.45065113091158326, 1.5445862736471974 
0.4520790495773361, 1.5371101410044559 
0.45287868403015763, 1.533338463322875 
0.45242175005711677, 1.5319130336607525 
0.4538496687228695, 1.5286120496668574 
0.4544208361891707, 1.5264527878941005 
0.45436371944254056, 1.5248887044815895 
0.4544779529358008, 1.5236459116723018 
0.45424948594928033, 1.5243024102270601 
0.45493488690884165, 1.5214994431491027 
0.4550491204021019, 1.5208091042566758 
0.4550491204021019, 1.5201266769313577 
0.45533470413525245, 1.5195055250253289 
0.4554489376285127, 1.5185120335997986 
0.45567740461503314, 1.5179301079116498 
0.4557916381082934, 1.5180839297341588 
0.4560201050948138, 1.517367402291043 
0.456134338588074, 1.5169063048703226 
0.45596298834818366, 1.516453209858937 
0.45624857208133424, 1.5161859203094095 
0.4564770390678547, 1.5159796955810418 
0.4565341558144848, 1.5158083979059331 
0.45676262280100527, 1.51556479730367 
0.456134338588074, 1.5155861174920335 
0.45664838930774504, 1.5153781051325483 
0.45664838930774504, 1.5150980118350148 
0.4569339730408956, 1.5150027166865554 
0.4565341558144848, 1.5149775450760625 
0.4568768562942655, 1.5148247843291303 
