6.680635690689087 
20.034390449523926 
5.378336191177368 
5.5491838455200195 
5.46685791015625 
5.751865863800049 
5.374161243438721 
5.51590895652771 
5.401742696762085 
5.385409355163574 
5.392597198486328 
5.325842618942261 
5.3567962646484375 
5.517666578292847 
5.322869062423706 
5.32621431350708 
5.405771255493164 
5.366095066070557 
5.321819305419922 
5.106616735458374 
5.546844244003296 
5.369236707687378 
5.456384181976318 
5.342256546020508 
5.358230352401733 
5.428828716278076 
5.391498804092407 
5.558828830718994 
5.6736955642700195 
5.629662275314331 
5.522303819656372 
5.487644195556641 
5.337119817733765 
5.727495908737183 
5.302855730056763 
5.376203298568726 
5.653998613357544 
5.535274505615234 
5.56999945640564 
5.304312467575073 
5.418920516967773 
5.463370323181152 
5.6201653480529785 
5.316168546676636 
5.540189027786255 
5.452080249786377 
5.524112224578857 
5.544350862503052 
5.3662848472595215 
5.44749116897583 
19.11297297477722 
5.235595941543579 
5.316181659698486 
5.203921794891357 
5.38579797744751 
5.327101945877075 
5.538360357284546 
5.33475661277771 
5.3030104637146 
5.386918306350708 
5.462712526321411 
5.569523096084595 
5.44092583656311 
5.219038963317871 
5.400807619094849 
5.5003955364227295 
5.42894434928894 
5.353960275650024 
5.413975954055786 
5.370455980300903 
5.531709909439087 
5.399385690689087 
5.443298578262329 
5.484761476516724 
5.570465564727783 
5.445735454559326 
5.34541916847229 
5.595816373825073 
5.521066188812256 
5.541767358779907 
5.357997179031372 
5.48732852935791 
5.543889999389648 
5.237630605697632 
5.155300855636597 
5.407413721084595 
5.259598255157471 
5.267455577850342 
5.301294803619385 
5.317591428756714 
5.391385793685913 
5.339346647262573 
5.219943523406982 
5.216506719589233 
5.452111721038818 
5.477180242538452 
5.511304140090942 
5.422632932662964 
5.405597925186157 
5.286304950714111 
18.979103326797485 
5.406046152114868 
19.751790046691895 
5.555015563964844 
5.19050669670105 
5.502018213272095 
5.303230285644531 
5.23253321647644 
5.448173999786377 
5.66737699508667 
5.355910778045654 
5.519613265991211 
5.430888891220093 
5.246645927429199 
5.33257794380188 
5.312484502792358 
5.4722208976745605 
5.315384387969971 
5.462938547134399 
5.341412305831909 
5.554269790649414 
5.428677320480347 
5.301471948623657 
5.267159938812256 
5.30786657333374 
5.559677839279175 
5.387862920761108 
5.511977434158325 
5.407760858535767 
5.3018128871917725 
5.518108367919922 
5.163020849227905 
5.257132291793823 
5.482098817825317 
5.661780118942261 
5.278950929641724 
5.503087997436523 
5.46926212310791 
5.38624119758606 
5.431983709335327 
5.49066424369812 
5.482128858566284 
5.378492832183838 
5.343695878982544 
5.17689061164856 
5.4376702308654785 
5.586510419845581 
5.527710199356079 
5.051792621612549 
5.652520418167114 
5.3996570110321045 
18.87406063079834 
5.498631000518799 
5.3317437171936035 
5.199793100357056 
5.292524337768555 
5.3629255294799805 
5.439751386642456 
5.627363204956055 
5.339927673339844 
5.326285362243652 
5.320985555648804 
5.690491437911987 
5.425464868545532 
5.3750224113464355 
5.428751230239868 
5.615878582000732 
5.353872537612915 
5.327824592590332 
5.212787866592407 
5.300017595291138 
5.274574041366577 
5.350459098815918 
5.42537522315979 
5.478669166564941 
5.241618394851685 
5.452328205108643 
5.3478546142578125 
5.368770122528076 
5.37623405456543 
5.349435091018677 
5.58128547668457 
5.295130014419556 
5.541175842285156 
5.327771186828613 
5.338199138641357 
5.3356194496154785 
5.493459939956665 
5.466616153717041 
5.191352844238281 
5.731773853302002 
5.431980133056641 
5.457768678665161 
5.432905912399292 
5.480516672134399 
5.466238975524902 
5.44662880897522 
5.312136888504028 
5.114030599594116 
5.530984878540039 
5.4559595584869385 
19.00208830833435 
5.406001806259155 
19.954652309417725 
5.5779054164886475 
5.324077606201172 
5.411237955093384 
5.660414934158325 
5.382083415985107 
5.33221960067749 
5.596344232559204 
5.687126636505127 
5.385019302368164 
5.357959985733032 
5.362821340560913 
5.470029354095459 
5.453873872756958 
5.483687162399292 
5.37353253364563 
5.429354906082153 
5.508927583694458 
5.428954362869263 
5.609099626541138 
5.495142459869385 
5.459104299545288 
5.420223951339722 
5.685326814651489 
5.278481483459473 
5.401576042175293 
5.326205015182495 
5.468420505523682 
5.257894039154053 
5.562217950820923 
5.726905345916748 
5.559955835342407 
5.236575126647949 
5.3223557472229 
5.451179265975952 
5.266773462295532 
5.426825284957886 
5.577470779418945 
5.439967155456543 
5.431118726730347 
5.276540040969849 
5.353092908859253 
5.403722286224365 
5.333033561706543 
5.692314863204956 
5.386537313461304 
5.632328033447266 
5.421483278274536 
5.34307074546814 
19.284557342529297 
5.5376081466674805 
5.68153977394104 
5.359363079071045 
5.431126594543457 
5.440374851226807 
5.693737983703613 
5.382931470870972 
5.503659963607788 
5.317452907562256 
5.545712232589722 
5.584491491317749 
5.478490829467773 
5.381930589675903 
5.395113945007324 
5.43145751953125 
5.4741599559783936 
5.538954734802246 
5.27857780456543 
5.593347787857056 
5.512444496154785 
5.501240015029907 
5.318775177001953 
5.515588283538818 
5.587445259094238 
5.492082834243774 
5.368331432342529 
5.415392160415649 
5.545738697052002 
5.31439995765686 
5.4563539028167725 
5.640170335769653 
5.3903632164001465 
5.391634225845337 
5.377997398376465 
5.493047714233398 
5.38569712638855 
5.4704508781433105 
5.437300682067871 
5.2401580810546875 
5.229327201843262 
5.351999521255493 
5.528942823410034 
5.527626037597656 
5.608303070068359 
5.45819878578186 
5.426158666610718 
5.170243978500366 
5.43627405166626 
5.455998182296753 
19.113144159317017 
5.176088094711304 
20.192904233932495 
5.315228700637817 
5.581957578659058 
5.2616636753082275 
5.2796220779418945 
5.4429919719696045 
5.222378969192505 
5.333618402481079 
5.32323956489563 
5.589581727981567 
5.432102918624878 
5.38173508644104 
5.2941734790802 
5.291290998458862 
5.490762710571289 
5.7128307819366455 
5.4968719482421875 
5.387279033660889 
5.372391223907471 
5.233720302581787 
5.610168218612671 
5.303701162338257 
5.509619235992432 
5.290916442871094 
5.359559535980225 
5.454589366912842 
5.3464438915252686 
5.570155143737793 
5.379941463470459 
5.507950305938721 
5.20024037361145 
5.595339059829712 
5.516486644744873 
5.177056074142456 
5.354035377502441 
5.497920036315918 
5.239503383636475 
5.335635662078857 
5.494263172149658 
5.322659492492676 
5.34552788734436 
5.559957265853882 
5.345235586166382 
5.351495265960693 
5.5776801109313965 
5.48125433921814 
5.267886161804199 
5.5217320919036865 
5.247870922088623 
19.039762496948242 
5.422837734222412 
5.4473631381988525 
5.344844102859497 
5.114616394042969 
5.304161787033081 
5.56137228012085 
5.2476983070373535 
5.176011085510254 
5.478631258010864 
5.5174949169158936 
5.3571693897247314 
5.375420570373535 
5.309042930603027 
5.539089679718018 
5.398848056793213 
5.214464426040649 
5.562538146972656 
5.313220500946045 
5.257187128067017 
5.49666690826416 
5.466827630996704 
5.447797060012817 
5.39288854598999 
5.396377801895142 
5.363114595413208 
5.52724552154541 
5.417717933654785 
5.470593214035034 
5.61827278137207 
5.574265003204346 
5.415164470672607 
5.477921724319458 
5.28276801109314 
5.3361828327178955 
5.527881622314453 
5.297940731048584 
5.340502977371216 
5.467500925064087 
5.412952423095703 
5.499587297439575 
5.544224977493286 
5.440936803817749 
5.462299108505249 
5.6864964962005615 
5.712658643722534 
5.320899486541748 
5.373834133148193 
5.547226428985596 
5.687303304672241 
19.069215059280396 
5.544430732727051 
19.963459491729736 
5.39123010635376 
5.467466115951538 
5.62971305847168 
5.3340675830841064 
5.403160572052002 
5.478452444076538 
5.561283349990845 
5.404271125793457 
5.226538896560669 
5.395963191986084 
5.475970983505249 
5.398234605789185 
5.53133225440979 
5.349780082702637 
5.380344390869141 
5.103809118270874 
5.20536994934082 
5.536242961883545 
5.435540199279785 
5.390267610549927 
5.338242530822754 
5.340556383132935 
5.487841606140137 
5.3881306648254395 
5.48439884185791 
5.194307327270508 
5.482301712036133 
5.328223705291748 
5.429076433181763 
5.45639443397522 
5.5994274616241455 
5.490838527679443 
5.446709871292114 
5.438271999359131 
5.334299325942993 
5.589622974395752 
5.442239046096802 
5.454131841659546 
5.178295373916626 
5.250321865081787 
5.390815258026123 
5.400997161865234 
5.426204681396484 
5.3483781814575195 
5.338088750839233 
5.2072789669036865 
5.611371278762817 
5.376008987426758 
19.30187201499939 
5.223593711853027 
5.563725471496582 
5.328031539916992 
5.381383657455444 
5.211115837097168 
5.4133830070495605 
5.503775358200073 
5.553936719894409 
5.506444215774536 
5.295239448547363 
5.5759596824646 
5.364670753479004 
5.504696369171143 
5.426636695861816 
5.36020565032959 
5.45942234992981 
5.400031328201294 
5.493759632110596 
5.537891149520874 
5.374709606170654 
5.521042346954346 
5.4138264656066895 
5.386142253875732 
5.408276796340942 
5.368648290634155 
5.503917694091797 
5.501188516616821 
5.776731252670288 
5.468064069747925 
5.22735333442688 
5.29271388053894 
5.385321617126465 
5.518927574157715 
5.433376789093018 
5.140747547149658 
5.512488126754761 
5.378559112548828 
5.541120767593384 
5.525226593017578 
5.576289415359497 
5.45807671546936 
5.413441896438599 
5.1825315952301025 
5.68402624130249 
5.390411138534546 
5.424281597137451 
5.501006841659546 
5.457175970077515 
5.20617151260376 
18.988781213760376 
5.354315757751465 
20.133076906204224 
5.4930806159973145 
5.515763521194458 
5.4264092445373535 
5.5054309368133545 
5.301251173019409 
5.364715099334717 
5.406983375549316 
5.484681129455566 
5.5031068325042725 
5.389158248901367 
5.709282636642456 
5.371608257293701 
5.292158365249634 
5.485924005508423 
5.505438566207886 
5.535640001296997 
5.512045621871948 
5.358360767364502 
5.536985635757446 
5.241961479187012 
5.5926642417907715 
5.399708271026611 
5.303698778152466 
5.639883756637573 
5.23008394241333 
5.7495667934417725 
5.669572353363037 
5.57931923866272 
5.476183176040649 
5.613940715789795 
5.399200677871704 
5.4906394481658936 
5.419073820114136 
5.569134712219238 
5.560983896255493 
5.523859024047852 
5.430206537246704 
5.360492944717407 
5.64617395401001 
5.1472015380859375 
5.555044174194336 
5.132529020309448 
5.515024900436401 
5.360401153564453 
5.27137303352356 
5.383223056793213 
5.589679718017578 
5.544725656509399 
18.81704807281494 
5.215019941329956 
5.276854753494263 
5.366940498352051 
5.3192384243011475 
5.199134588241577 
5.417520523071289 
5.019441604614258 
5.4406578540802 
5.385329484939575 
5.202049493789673 
5.370593547821045 
5.104952335357666 
5.149838924407959 
5.266207218170166 
5.182221412658691 
5.227303504943848 
5.514343023300171 
5.300854444503784 
5.159710168838501 
5.433651924133301 
5.174070596694946 
5.19577956199646 
5.107820987701416 
5.438382625579834 
5.132943868637085 
5.360068321228027 
5.3104400634765625 
5.1210105419158936 
5.411658525466919 
5.126283884048462 
5.280485153198242 
5.234447717666626 
5.2303786277771 
5.086854457855225 
5.126024961471558 
5.227983713150024 
5.423611402511597 
5.127783298492432 
5.143072843551636 
5.449906349182129 
5.28422212600708 
5.156176328659058 
5.324827432632446 
5.577180624008179 
5.114962577819824 
5.164360761642456 
5.488595724105835 
5.185359477996826 
5.123880624771118 
