acc, loss, temp
0.05702054794520548, 2.3125686716248395 
0.11352739726027397, 2.321324587324677 
0.24240867579908676, 2.276902158994222 
0.30804794520547946, 2.20554176124118 
0.3772260273972603, 1.9341380957793588 
0.5907534246575342, 1.4458740654517006 
0.5687785388127854, 1.304248624926242 
0.6151255707762557, 1.4052856206953823 
0.634703196347032, 1.3250829379037194 
0.6312785388127854, 1.1281218586552313 
0.6361301369863014, 1.1160277699877665 
0.6642123287671233, 1.0314431538809645 
0.7132420091324201, 0.904958332068883 
0.6965753424657535, 0.9905609602514536 
0.7277968036529681, 0.8258674618410828 
0.7391552511415526, 0.7973689734418755 
0.772945205479452, 0.6530262586538741 
0.7539954337899544, 0.6663956748924053 
0.7467465753424658, 0.6495289825828986 
0.7746575342465754, 0.5925556861124804 
0.7697488584474886, 0.616639905683978 
0.7920662100456621, 0.5503393464967228 
0.7957762557077626, 0.5355772269499017 
0.8138698630136987, 0.518819026062331 
0.776255707762557, 0.6294453328576395 
0.7565639269406392, 0.6881753349403785 
0.7699771689497716, 0.6525843934872053 
0.769406392694064, 0.6037183965769009 
0.7747146118721461, 0.7067951982633024 
0.796689497716895, 0.542926078637674 
0.8211187214611873, 0.5195470998399915 
0.18139269406392694, 2.298098646663415 
0.17345890410958903, 2.26974397267901 
0.22585616438356165, 2.318563814824062 
0.3279680365296804, 2.221371096591672 
0.38430365296803654, 1.8771802974040483 
0.38430365296803654, 1.6647121679682462 
0.5155251141552512, 1.4557998978032247 
0.5508561643835617, 1.3911174031111424 
0.5485159817351598, 1.3952287528471334 
0.7334474885844748, 0.9282499491550873 
0.69337899543379, 0.8801440728862541 
0.6704908675799087, 0.9584927716332375 
0.6625, 0.9886327683788355 
0.6648401826484018, 1.007701747943426 
0.680365296803653, 0.9481070643420307 
0.6904109589041096, 0.9191269643220032 
0.6873858447488584, 0.915485103746019 
0.7269977168949772, 0.770532906299156 
0.7426369863013699, 0.7355696189724112 
0.732648401826484, 0.7575740989178718 
0.7863013698630137, 0.5996972042655395 
0.7781963470319635, 0.6158007454914347 
0.7568493150684932, 0.7400645526254566 
0.7309931506849315, 0.8473345081611685 
0.77425799086758, 0.6071132779177378 
0.7995433789954338, 0.554994639160595 
0.8011986301369863, 0.5325805164872174 
0.7936073059360731, 0.5290747944458679 
0.8120433789954338, 0.496960085904394 
0.7861872146118721, 0.5437548350970471 
0.8077054794520548, 0.514366437468334 
0.10319634703196347, 2.3038425373903277 
0.19765981735159818, 2.2702082790788065 
0.26192922374429223, 2.203370807558344 
0.4066780821917808, 1.9106124072217283 
0.4660388127853881, 1.626534322524874 
0.5686643835616438, 1.4996704349029029 
0.5930936073059361, 1.4104092816507037 
0.6375, 1.098597394563486 
0.7176369863013699, 0.8836348866655207 
0.663013698630137, 0.904996711870935 
0.734189497716895, 0.7654524904737823 
0.7416095890410959, 0.7898986575829798 
0.7034246575342465, 0.7597877077339716 
0.7275114155251141, 0.7258412816793876 
0.7871575342465753, 0.6173172191931376 
0.8467465753424658, 0.5175671524519406 
0.8022831050228311, 0.5451577311437142 
0.7902397260273972, 0.607612780451751 
0.7795091324200913, 0.6520624308951897 
0.7820205479452055, 0.6397150905257227 
0.8026826484018265, 0.5239621091618525 
0.7599315068493151, 0.6715893995969351 
0.7745433789954338, 0.6699985625551426 
0.7964041095890411, 0.6190409745131338 
0.802796803652968, 0.5541631952838246 
0.8080479452054794, 0.5208581202069549 
0.7875, 0.5930869838650816 
0.826769406392694, 0.4446431380205618 
0.818093607305936, 0.45530189385040054 
0.815810502283105, 0.48424747074352703 
0.8129566210045662, 0.5223053854457488 
0.08812785388127854, 2.3046730878616 
0.15251141552511416, 2.3129519943438845 
0.2396689497716895, 2.312436169883376 
0.30273972602739724, 2.1478882845987495 
0.42277397260273974, 1.762535764289532 
0.4252853881278539, 1.782647126919061 
0.5219178082191781, 1.5858309932557972 
0.6486872146118722, 1.2109230781176554 
0.640810502283105, 1.1286906442650597 
0.6562785388127854, 1.060478343722121 
0.6966894977168949, 0.9383645424338352 
0.6699200913242009, 1.0176555636024407 
0.7233447488584475, 0.8441489752058288 
0.7478881278538813, 0.8009761475999291 
0.672945205479452, 1.0877942752277059 
0.7356735159817351, 0.7286833263672482 
0.7308219178082191, 0.724723537945635 
0.7509703196347032, 0.7181619348109287 
0.8029680365296804, 0.5795971122324313 
0.7922945205479452, 0.6448603868434579 
0.8074771689497717, 0.5807400115173392 
0.8009132420091324, 0.5323444771629247 
0.7780821917808219, 0.6049076716757342 
0.8116438356164384, 0.5496944582514439 
0.8004566210045662, 0.5652457129819587 
0.8134703196347032, 0.5025706068567353 
0.8023972602739726, 0.5332782839232457 
0.8000570776255708, 0.5827366686164035 
0.8494292237442922, 0.4181386446121226 
0.850513698630137, 0.4002104847035713 
0.8164954337899544, 0.4745674078770989 
0.13059360730593608, 2.300338757759214 
0.1372716894977169, 2.3567503319673846 
0.26929223744292236, 2.1953164220860324 
0.40878995433789955, 1.8282003394437878 
0.42049086757990867, 1.6276387591856272 
0.4749429223744292, 1.4272689220765078 
0.6144406392694064, 1.1760254486194408 
0.6115296803652968, 1.1656190002198754 
0.6760273972602739, 0.9669397589372639 
0.6660388127853881, 1.0403717375787582 
0.6844748858447488, 1.012443286011988 
0.7110159817351598, 0.8162640590916151 
0.6795091324200914, 0.9459344020684194 
0.7368721461187214, 0.7511547412270477 
0.7549657534246575, 0.8144936953984332 
0.7348173515981735, 0.777348194777189 
0.7557648401826484, 0.6832135945509878 
0.7364155251141552, 0.7942410201719601 
0.8098173515981735, 0.511347170104451 
0.8055365296803653, 0.5116959303994713 
0.7455479452054794, 0.7979390226985285 
0.7959474885844748, 0.5442978118544167 
0.7735730593607306, 0.590189044898808 
0.7844748858447489, 0.6167527044466593 
0.7863584474885845, 0.7015516993432904 
0.7887557077625571, 0.6485912977430968 
0.7960616438356164, 0.5281633889667368 
0.7768835616438357, 0.6488655656493704 
0.7912100456621004, 0.6346373600608675 
0.8106164383561644, 0.5106517988200329 
0.7963470319634703, 0.5541447940888043 
0.10901826484018265, 2.3028258129520767 
0.19754566210045663, 2.3346992476200072 
0.20542237442922373, 2.2515230531166743 
0.31267123287671234, 1.9651867345112388 
0.5344178082191781, 1.6888669741384195 
0.5547374429223745, 1.4511417195066856 
0.5692922374429223, 1.2464775982588119 
0.661986301369863, 1.0417637171374938 
0.6150114155251142, 1.0752378781171013 
0.6531392694063927, 1.028452241027394 
0.6165525114155251, 1.1340785429333045 
0.6626712328767124, 1.0093776129027843 
0.6890981735159817, 0.8406015252940511 
0.7050228310502283, 0.9373117576821766 
0.6827625570776256, 1.0727045163546993 
0.7424086757990868, 0.78047347423372 
0.7114155251141553, 0.8443519126220604 
0.7568493150684932, 0.7400208474668156 
0.7786529680365297, 0.6003279312061657 
0.7981735159817351, 0.5779586752200432 
0.8110730593607306, 0.5161154423027398 
0.7985159817351598, 0.5588278577483479 
0.8319634703196347, 0.4682653406199929 
0.8148401826484019, 0.4925924978479436 
0.7916666666666666, 0.6029394080862046 
0.7994292237442923, 0.5545929669443588 
0.7888127853881278, 0.6095292564589533 
0.7938926940639269, 0.5917658852447615 
0.7956050228310503, 0.5650401396341201 
0.8032534246575342, 0.5714832942887919 
0.8035388127853881, 0.6315917186739658 
0.0728310502283105, 2.3093245987870246 
0.1720890410958904, 2.3354167497130667 
0.1565068493150685, 2.468316810077219 
0.3218607305936073, 2.166904185634751 
0.4382420091324201, 1.7192503438654938 
0.4886986301369863, 1.576370632983345 
0.6167808219178083, 1.3519130177042842 
0.6090753424657535, 1.354684898458638 
0.7094748858447488, 0.9680002583968089 
0.7148401826484019, 0.9283200479914815 
0.716837899543379, 0.8399790202860776 
0.7335045662100457, 0.8567529967797073 
0.7236872146118721, 0.7678931350110222 
0.7226027397260274, 0.8104711101755178 
0.7319634703196347, 0.7554347364844862 
0.7681506849315068, 0.7113686824562584 
0.7453767123287671, 0.8121322174272201 
0.7776255707762557, 0.5984725350418497 
0.8101598173515981, 0.50660600774254 
0.7832191780821918, 0.699469126503705 
0.7765981735159817, 0.7115266257780247 
0.7991438356164383, 0.5743563188161311 
0.786986301369863, 0.643828124156128 
0.791837899543379, 0.5394184355014132 
0.7857876712328767, 0.6004342054070639 
0.8025114155251142, 0.5179879862814607 
0.8473744292237443, 0.43110030808675553 
0.8257420091324201, 0.4635639019371267 
0.8146689497716895, 0.48099754143809004 
0.811472602739726, 0.6067930768935419 
0.8164383561643835, 0.5874985249610643 
0.11124429223744292, 2.3012330096677105 
0.14748858447488583, 2.3434841165498788 
0.20268264840182648, 2.186332806956257 
0.3686643835616438, 1.9906511876794866 
0.401027397260274, 1.7937959932036138 
0.5156392694063927, 1.5665773747525937 
0.495148401826484, 1.4934977619612095 
0.5915525114155251, 1.2220571064012293 
0.6403538812785388, 1.111871675725821 
0.7281392694063927, 0.9452585635355932 
0.7479452054794521, 0.8581040919997984 
0.6777397260273973, 1.049914278380058 
0.7154680365296804, 0.9480945711428083 
0.733162100456621, 0.8861600315112461 
0.7530821917808219, 0.6977295367843023 
0.7327625570776256, 0.7642351719110443 
0.7573059360730594, 0.7274087002020612 
0.7578767123287671, 0.7695631744535455 
0.7878995433789955, 0.5733338822763995 
0.7619292237442923, 0.6296545010556397 
0.7545662100456622, 0.7155120694847773 
0.7577054794520548, 0.6839694694216024 
0.7640981735159817, 0.671025923021572 
0.8093036529680365, 0.5024165977569864 
0.7844748858447489, 0.601624524117958 
0.7988013698630136, 0.5151561319819209 
0.8317351598173516, 0.4371817563196921 
0.8280251141552512, 0.4375307381737501 
0.7908675799086758, 0.563229552589148 
0.8156963470319635, 0.47274780048861115 
0.7820776255707762, 0.5986652793317276 
0.09006849315068494, 2.3043243648629823 
0.21215753424657535, 2.2792809995812626 
0.2728310502283105, 2.2190613134394743 
0.3207191780821918, 2.111012159112219 
0.3744292237442922, 1.9766139419917674 
0.4917237442922374, 1.5323222300628196 
0.5724885844748858, 1.370497576930884 
0.5869292237442922, 1.1777995339927092 
0.6297945205479452, 1.1346440052451028 
0.6368721461187214, 1.1776392130112734 
0.6577625570776255, 1.0594643514997726 
0.7206050228310502, 0.8567238081857037 
0.7055365296803653, 0.9999054827485633 
0.6896118721461187, 0.9208967767163446 
0.7805365296803652, 0.6362345997767543 
0.723458904109589, 0.771690918314506 
0.7416666666666667, 0.7750814538262749 
0.767351598173516, 0.7099011287860292 
0.7551369863013698, 0.7566505459757311 
0.7820205479452055, 0.6720106289015154 
0.8127283105022831, 0.5016883866530579 
0.7829337899543379, 0.5596227651086862 
0.7775684931506849, 0.6433620916650621 
0.7844178082191781, 0.6084366481679269 
0.7993721461187214, 0.5154688097145245 
0.7751712328767123, 0.695814499399674 
0.760445205479452, 0.760855963243996 
0.8069634703196347, 0.527759660820061 
0.8118721461187215, 0.505957137996138 
0.8116438356164384, 0.5141422638107723 
0.8320776255707762, 0.4307521255038394 
0.12077625570776256, 2.3003653294733435 
0.19788812785388127, 2.326342486244431 
0.14195205479452055, 2.336305830701843 
0.27414383561643835, 2.1807334119850514 
0.36621004566210047, 1.9456587471695443 
0.4654109589041096, 1.6614319127207053 
0.5567351598173516, 1.2835312290701895 
0.6006278538812785, 1.1328783391334494 
0.6135844748858448, 1.2251267783756683 
0.6476598173515982, 1.1804941351401403 
0.6640981735159818, 0.950578100363557 
0.6647260273972603, 1.0686962262511248 
0.7591894977168949, 0.7885331645455342 
0.7275114155251141, 0.9052002269742229 
0.7591894977168949, 0.7183541004402652 
0.766324200913242, 0.6273415413345346 
0.7640981735159817, 0.630367414472902 
0.8013127853881279, 0.5484514369003213 
0.7755707762557078, 0.6182218529980175 
0.7540525114155251, 0.6826638546339532 
0.7775114155251142, 0.6323223771446471 
0.7765981735159817, 0.6684757951322756 
0.8190068493150685, 0.49562064822114094 
0.8180365296803653, 0.5268012751739313 
0.8046803652968036, 0.5841102753936136 
0.8084474885844749, 0.5876331553989836 
0.7797945205479452, 0.669262185394172 
0.7666095890410959, 0.6853877681957183 
0.8511986301369863, 0.4429096724654571 
0.8550799086757991, 0.4031365800878995 
0.8123858447488584, 0.48505001084582744 
0.10273972602739725, 2.3012458513195626 
0.12990867579908677, 2.3441415483882198 
0.301027397260274, 2.2057359404120294 
0.2878995433789954, 2.1166632371864766 
0.3452054794520548, 1.7000264285551598 
0.43276255707762556, 1.5745435493611724 
0.5678652968036529, 1.333831991733638 
0.6077054794520548, 1.3659596087376817 
0.639269406392694, 1.1735654143783425 
0.6704337899543379, 1.0209111581944432 
0.6666666666666666, 0.9977971203871225 
0.7150114155251142, 0.7843041083925927 
0.7239155251141552, 0.8515939415638601 
0.707648401826484, 0.860046109650284 
0.7371575342465754, 0.6828858807300051 
0.7541666666666667, 0.6807712844787251 
0.77425799086758, 0.6312621077565422 
0.7910388127853881, 0.599235043294049 
0.788527397260274, 0.5678802871108405 
0.7871575342465753, 0.6135190133963445 
0.7713470319634703, 0.6393828755252635 
0.8015981735159817, 0.5400488172714124 
0.774486301369863, 0.575274126345875 
0.8413812785388128, 0.4460657692486192 
0.792351598173516, 0.5409196799388869 
0.7954908675799087, 0.5358501608065165 
0.7950913242009132, 0.5792129436385434 
0.7968036529680366, 0.5755884566187079 
0.8166095890410959, 0.48748057973532793 
0.8440068493150685, 0.4197959035747666 
0.8644406392694064, 0.37664213981893013 
0.08961187214611872, 2.309754157823954 
0.09811643835616439, 2.360429699625392 
0.28926940639269405, 2.1947497152031654 
0.35011415525114153, 2.0527085930417086 
0.39200913242009133, 1.7535603011931202 
0.49166666666666664, 1.4918254503743527 
0.4848173515981735, 1.4657526254514162 
0.6139269406392694, 1.2240006134019534 
0.6678652968036529, 1.049227032227838 
0.6917808219178082, 0.9392296042187057 
0.7313356164383562, 0.9081638032127639 
0.667351598173516, 1.0010863442571512 
0.6746004566210045, 1.0051189292167708 
0.6913812785388128, 0.85307194712621 
0.7633561643835617, 0.7596484774815997 
0.7686643835616438, 0.6985897770990114 
0.7262557077625571, 0.820467679578259 
0.7383561643835617, 0.7706165404012997 
0.7628995433789955, 0.7199724005815319 
0.7836187214611872, 0.5905419117050847 
0.7793949771689498, 0.5942280318616187 
0.7642123287671233, 0.7020637290168962 
0.7694634703196347, 0.7024717307437403 
0.7915525114155251, 0.6256704468502122 
0.7980022831050229, 0.5573367004774462 
0.7899543378995434, 0.6712646778849161 
0.8126141552511416, 0.6075633042237927 
0.8061643835616439, 0.6234825551354756 
0.7873287671232877, 0.685039962522382 
0.790068493150685, 0.572668428138429 
0.7728310502283106, 0.7065401594598893 
0.07431506849315068, 2.3066453616980573 
0.09805936073059361, 2.3455129920706086 
0.18013698630136987, 2.159438084862316 
0.35610730593607304, 2.0608472772524515 
0.40393835616438356, 1.7813451560485143 
0.4506849315068493, 1.5690343191427896 
0.482648401826484, 1.412744461073844 
0.5804223744292237, 1.2831356009457027 
0.6261986301369863, 1.2071892111052318 
0.6341324200913242, 1.1024697728527804 
0.7073059360730594, 0.8496552779511114 
0.7151826484018264, 0.8534495861342271 
0.7338470319634703, 0.8120497353594239 
0.7070776255707762, 0.8787191586194034 
0.738013698630137, 0.8109736332625641 
0.7394977168949771, 0.6872423009440277 
0.7313926940639269, 0.7143213545107019 
0.7425228310502283, 0.6939803674974148 
0.7786529680365297, 0.6104806715233543 
0.8218607305936073, 0.4986870054151666 
0.7842465753424658, 0.5625150745661835 
0.7390981735159817, 0.7423221960239138 
0.7670091324200913, 0.6475876198605449 
0.7978310502283105, 0.545931987506858 
0.8025114155251142, 0.5206840772189861 
0.7960045662100457, 0.6686439374237586 
0.809931506849315, 0.5566176808483586 
0.8180365296803653, 0.4932681068957742 
0.8467465753424658, 0.40313381628045736 
0.8402397260273973, 0.4194559499095784 
0.8300228310502283, 0.4343344729189058 
0.10667808219178082, 2.3020339354895523 
0.19389269406392695, 2.3592582414152066 
0.3127853881278539, 2.22966013479105 
0.3740867579908676, 2.2449833058950364 
0.4429794520547945, 2.048202632517079 
0.46135844748858446, 1.7581741455371904 
0.5559360730593608, 1.589832284603308 
0.5913812785388128, 1.5466916204400212 
0.5743721461187214, 1.5592340174263735 
0.6409246575342465, 1.2419728334186595 
0.6445205479452055, 1.2444480014344532 
0.6910388127853881, 0.8470432780544697 
0.7113013698630137, 0.8068066143885734 
0.6960045662100457, 1.0266633292776532 
0.6960616438356164, 0.8858752176623754 
0.7520547945205479, 0.8131770146053333 
0.7888127853881278, 0.6673621760630374 
0.8227739726027398, 0.5124272002027745 
0.7879566210045662, 0.5649995283468108 
0.7566210045662101, 0.7239144797588251 
0.7755707762557078, 0.6423441828481687 
0.8077054794520548, 0.5010504648874722 
0.8022831050228311, 0.5414272018112485 
0.8121004566210046, 0.5344077471843713 
0.7983447488584475, 0.5762007960528303 
0.845148401826484, 0.40914976657054475 
0.801541095890411, 0.6107573670089625 
0.8154109589041096, 0.5992102594351771 
0.7920091324200913, 0.7103584416333084 
0.8372146118721461, 0.42040254474064165 
0.8707191780821918, 0.356128205624179 
0.13778538812785388, 2.2990998994975507 
0.10028538812785388, 2.308158297861882 
0.2808219178082192, 2.3204729877309633 
0.48641552511415526, 1.8780647201455023 
0.38230593607305935, 1.800252780472292 
0.5324200913242009, 1.611919330310356 
0.5890981735159817, 1.5914215852847327 
0.603595890410959, 1.2702981979717396 
0.6306506849315069, 1.3036395650468253 
0.6092465753424657, 1.1429600630295684 
0.6623858447488584, 1.0989799532550137 
0.7256278538812785, 0.8177573056103573 
0.6764269406392694, 0.9834793930581612 
0.6633561643835616, 1.067526086235339 
0.6794520547945205, 1.0233870446304028 
0.7180936073059361, 0.8703296998628753 
0.723458904109589, 0.7975383454699863 
0.6894977168949772, 0.9840789294967808 
0.7502853881278538, 0.7756131441646347 
0.7445776255707762, 0.8093264902788385 
0.7856735159817352, 0.5993812432798599 
0.7865296803652968, 0.5778259579094047 
0.7695776255707762, 0.6742764843032719 
0.7835045662100457, 0.5783580302417344 
0.7989155251141552, 0.5634209809090855 
0.7996575342465754, 0.5280985007278092 
0.782134703196347, 0.6765492730519048 
0.7988584474885845, 0.608604099683916 
0.7965182648401826, 0.6011971760736682 
0.8212899543378995, 0.4784867176057801 
0.8090753424657534, 0.5124214055991994 
0.11284246575342466, 2.2989243634535743 
0.1170662100456621, 2.4772979144754306 
0.20867579908675798, 2.498248069645526 
0.3159246575342466, 1.975473335163973 
0.44360730593607306, 1.7421251518243943 
0.61912100456621, 1.3646036040488556 
0.4858447488584475, 1.3972389298943293 
0.5676369863013698, 1.3216323996537507 
0.6368721461187214, 1.173923366825748 
0.6486301369863013, 1.0975970729577937 
0.7100456621004566, 0.8610810923898539 
0.7046232876712328, 0.8244894274986801 
0.7077054794520548, 0.8725969581809508 
0.7138127853881279, 0.921953266777653 
0.7557648401826484, 0.7559454200130061 
0.7647260273972603, 0.7413504000836598 
0.7779680365296804, 0.6932482200681487 
0.7468607305936074, 0.8110918664709689 
0.7780251141552511, 0.7180757682244037 
0.761986301369863, 0.6509264529887537 
0.7877283105022831, 0.6155066628785124 
0.8169520547945206, 0.496603009742214 
0.7980022831050229, 0.5171022418571585 
0.784189497716895, 0.6315107731796016 
0.7977739726027397, 0.5322687315488424 
0.789269406392694, 0.6014363495638354 
0.8159246575342466, 0.501908442637866 
0.7871004566210046, 0.5758760756704954 
0.8065068493150684, 0.4930803290811463 
0.8075913242009133, 0.5121855392758745 
0.8280251141552512, 0.4401136565224159 
0.09257990867579909, 2.2995732940995857 
0.09937214611872146, 2.2663775109222435 
0.2187785388127854, 2.28034205772382 
0.2906392694063927, 2.093446990169847 
0.4233447488584475, 1.8471828089716058 
0.4651255707762557, 1.6566876979462037 
0.5580479452054794, 1.3651969241146655 
0.6538812785388128, 1.2744106591677729 
0.6694634703196347, 1.2294813618491793 
0.6468036529680365, 1.132852584654879 
0.6957191780821917, 1.011278056850868 
0.6769406392694064, 1.0795845907870723 
0.7383561643835617, 0.8120236351460669 
0.7210045662100457, 0.7754055545289158 
0.7480022831050228, 0.7963090840786635 
0.7614726027397261, 0.7497860074540134 
0.7871575342465753, 0.6269242799304965 
0.7630707762557077, 0.8214413163848158 
0.7792237442922374, 0.7051110599843563 
0.7936643835616438, 0.6967452332522909 
0.7886415525114155, 0.6252712928001418 
0.7744292237442922, 0.7716601304370292 
0.7893835616438356, 0.7755622405068204 
0.8050228310502283, 0.6736147667573349 
0.7774543378995433, 0.6294874461663845 
0.8066780821917808, 0.594963583113821 
0.8192922374429223, 0.48744949737357285 
0.8112442922374429, 0.4880104753016127 
0.8239726027397261, 0.4472967778368365 
0.8085616438356165, 0.5342095080723167 
0.809189497716895, 0.5607861741630699 
0.1202054794520548, 2.3040022447499893 
0.20199771689497717, 2.2922351897264877 
0.22842465753424657, 2.306143172210793 
0.34800228310502285, 1.9360149385804057 
0.47294520547945207, 1.7521797611191299 
0.48476027397260274, 1.5561480094260818 
0.48110730593607304, 1.4337839007543067 
0.6363013698630137, 1.1669692343177922 
0.6204908675799087, 1.1085816682002594 
0.6575342465753424, 0.9816705515343628 
0.6724885844748858, 0.977687479899968 
0.6481735159817351, 0.9748882913103065 
0.7025114155251142, 0.8836079333038148 
0.7643835616438356, 0.7193200885907249 
0.7540525114155251, 0.6931655283904653 
0.7546232876712329, 0.721709629147817 
0.7943493150684932, 0.5665249518750971 
0.7551369863013698, 0.6834371922738068 
0.7632990867579909, 0.7810967074222949 
0.7671232876712328, 0.6228623036414621 
0.8077054794520548, 0.531279897875656 
0.785958904109589, 0.6106620867740916 
0.7778538812785388, 0.6500003921422661 
0.8001141552511416, 0.546710984288001 
0.7910388127853881, 0.6208750370471484 
0.804337899543379, 0.5026787179837768 
0.8247716894977168, 0.46467022204250713 
0.7839611872146118, 0.5621945111256251 
0.8042237442922374, 0.5858735975788537 
0.804851598173516, 0.5835506733176035 
0.7748858447488585, 0.6195158413465165 
0.08812785388127854, 2.3044000961696574 
0.1685502283105023, 2.2484275323052136 
0.25039954337899545, 2.157148269323167 
0.31894977168949773, 2.065505625871203 
0.37768264840182647, 1.7001178725629726 
0.5281963470319635, 1.4572356035462246 
0.5567922374429224, 1.2552419107415889 
0.5732305936073059, 1.3883666733171431 
0.5196347031963471, 1.5806487586354954 
0.6377283105022831, 1.170067167361331 
0.8096461187214612, 0.6709705093614529 
0.6993150684931507, 0.8653907651138018 
0.6982305936073059, 0.8341537729657297 
0.7163812785388128, 0.8840951658104322 
0.7431506849315068, 0.7379775411366651 
0.7569634703196347, 0.6370732977725694 
0.7590182648401826, 0.6358830127635989 
0.8023401826484018, 0.5431948402590956 
0.7699200913242009, 0.6442871322403598 
0.7679794520547946, 0.6797029306731653 
0.760445205479452, 0.6448777450241825 
0.7898972602739726, 0.5385748022161945 
0.7953196347031963, 0.5602450763485266 
0.791324200913242, 0.5934455055954002 
0.8068493150684931, 0.503904232091843 
0.8159817351598173, 0.4676809430559691 
0.8122146118721462, 0.527529495312393 
0.8578767123287672, 0.40779378912544445 
0.8246004566210046, 0.4880223111491964 
0.8182648401826484, 0.4836334598411672 
0.835445205479452, 0.4239421299136184 
0.10759132420091325, 2.3025483281378722 
0.15993150684931506, 2.2662652638979015 
0.1665525114155251, 2.1702249092356536 
0.375513698630137, 1.9652095499803608 
0.3317351598173516, 1.9367893601940291 
0.4890981735159817, 1.5187364573780144 
0.5727168949771689, 1.3067237880554443 
0.621689497716895, 1.1678686789030162 
0.6541666666666667, 1.020234481735329 
0.6695205479452054, 1.019059227570566 
0.6785958904109589, 0.8992600464162233 
0.678824200913242, 0.929907739735073 
0.7213470319634703, 0.7363718879547478 
0.7023401826484018, 0.7772945113599359 
0.7699200913242009, 0.6410669256424228 
0.7335616438356164, 0.805678831435673 
0.7784817351598173, 0.638285180098651 
0.7273972602739726, 0.8541650971287938 
0.7654109589041096, 0.8261585020404298 
0.7613013698630137, 0.8358425802102307 
0.8034817351598174, 0.5905488671952072 
0.7890981735159818, 0.5552835617324795 
0.8256278538812786, 0.47322629475817235 
0.8023401826484018, 0.5966687515979864 
0.8034817351598174, 0.5123572545309707 
0.843607305936073, 0.43476522488681424 
0.7964041095890411, 0.6226055620082727 
0.7997716894977169, 0.6029466044245189 
0.8330479452054794, 0.4359717964308634 
0.8187785388127854, 0.510498944285417 
0.8177511415525114, 0.5657268655119598 
0.12939497716894977, 2.3050052797903877 
0.10028538812785388, 2.455840209861262 
0.1952054794520548, 2.333580025167962 
0.27317351598173517, 2.1832068172065258 
0.43875570776255707, 1.9471103082058714 
0.5364155251141552, 1.5843494094759911 
0.5390410958904109, 1.4574037274020577 
0.648972602739726, 1.201850327459887 
0.6312785388127854, 1.1718680988847467 
0.6652968036529681, 1.0260499745249394 
0.675513698630137, 0.9436643400563249 
0.7279680365296803, 0.8988763520499096 
0.7555365296803653, 0.7995570261248175 
0.7599885844748858, 0.8771250985773525 
0.7401826484018265, 0.7130888043232491 
0.7643264840182649, 0.6989094691374589 
0.7715753424657534, 0.6885819099003814 
0.7969748858447488, 0.6344866517690192 
0.7692922374429224, 0.6920746626222049 
0.7969178082191781, 0.5845064889527479 
0.8171803652968036, 0.4732824012891719 
0.806107305936073, 0.5448413657938265 
0.8054223744292237, 0.5000688273283267 
0.8064497716894977, 0.4952187077155669 
0.8232876712328767, 0.44943581644968367 
0.777796803652968, 0.5876720152922962 
0.7916666666666666, 0.5712886175385335 
0.8115296803652968, 0.5535215134185113 
0.8206050228310502, 0.49020376942085014 
0.8078767123287671, 0.5607791118248748 
0.8014269406392694, 0.5624449093770225 
0.08407534246575342, 2.3096664739604384 
0.13978310502283106, 2.2681928630262203 
0.28755707762557076, 2.136899136360535 
0.31894977168949773, 2.1725168237619523 
0.6185502283105023, 1.4725526235598334 
0.5314497716894977, 1.3593127775115816 
0.5485159817351598, 1.344974052886925 
0.6043949771689497, 1.0778007453947882 
0.6514269406392694, 1.0203937407309165 
0.7252283105022831, 0.8123322763925227 
0.7067351598173516, 0.8549335752842038 
0.6916095890410959, 0.911273991045147 
0.7243721461187215, 0.7703062773120246 
0.7086187214611872, 0.7912353661469688 
0.7406392694063927, 0.7445237423490467 
0.7280251141552512, 0.7916218029787253 
0.7631278538812786, 0.6664770115617945 
0.7899543378995434, 0.5677679520418403 
0.8094178082191781, 0.5292479840628189 
0.8041666666666667, 0.5437342486968072 
0.7860159817351599, 0.623342315126731 
0.7662100456621005, 0.6746205026939922 
0.8144977168949772, 0.4943026901705185 
0.798230593607306, 0.5249169731680603 
0.8104452054794521, 0.5033316811011672 
0.8001712328767123, 0.6221912541653309 
0.8264269406392694, 0.45097392707644884 
0.8679794520547945, 0.3824306561059467 
0.8013127853881279, 0.5419104767918587 
0.794634703196347, 0.5515347053499209 
0.8077054794520548, 0.5164056910892688 
0.12100456621004566, 2.3079458146511502 
0.20439497716894978, 2.2916368584492304 
0.22277397260273973, 2.2652003276653896 
0.32631278538812786, 2.0989286067452038 
0.3501712328767123, 1.8678454529225919 
0.35684931506849316, 1.7236269827572712 
0.5179794520547946, 1.4622607561581373 
0.6551369863013699, 1.1315219410699415 
0.6535958904109589, 1.048624849558778 
0.659189497716895, 1.0462132225866367 
0.6732876712328767, 1.1133906101193964 
0.6925799086757991, 1.0050080710757099 
0.746175799086758, 0.9583243143534043 
0.7769977168949772, 0.7229144225179776 
0.7726598173515982, 0.7743815887800687 
0.7653538812785388, 0.7363968959461846 
0.7396689497716895, 0.7584170827089958 
0.790810502283105, 0.6153444465746102 
0.7848173515981736, 0.6146908556956193 
0.7777397260273973, 0.6748570945184049 
0.783675799086758, 0.5637584009357894 
0.8118721461187215, 0.5026886279239772 
0.7864155251141552, 0.597975072693037 
0.8136986301369863, 0.48493032759562876 
0.7965753424657535, 0.543910887876328 
0.8252853881278539, 0.45483542036566066 
0.8295091324200913, 0.45342636416542487 
0.8355022831050228, 0.4242233066814438 
0.8119292237442922, 0.5445006511618143 
0.8241438356164383, 0.45191372315080947 
0.8251712328767123, 0.5062956298074106 
0.09166666666666666, 2.3053764064224356 
0.1291095890410959, 2.296856147817594 
0.23527397260273972, 2.1705100335078074 
0.25610730593607306, 2.1873085245626993 
0.3964041095890411, 1.9128083255296005 
0.49355022831050227, 1.5671452931278196 
0.4791095890410959, 1.4235032271254369 
0.585445205479452, 1.3657484079652664 
0.6134703196347032, 1.2185303029236292 
0.714041095890411, 0.8934691072845258 
0.6684931506849315, 1.1067894448497322 
0.7151826484018264, 0.8685142048017748 
0.7067922374429224, 0.9191044744986265 
0.7193493150684932, 0.822992952802585 
0.7364155251141552, 0.7451627991765889 
0.7412671232876712, 0.7581568790610757 
0.7477739726027397, 0.6768107955444035 
0.7704908675799087, 0.6130081587632409 
0.7697488584474886, 0.6829908045367473 
0.7767123287671233, 0.6838800599831542 
0.7803082191780822, 0.6254170003806521 
0.8065068493150684, 0.5128413767062354 
0.7900114155251141, 0.5877481983617753 
0.7986872146118722, 0.5616147531287441 
0.8328767123287671, 0.4695644502151489 
0.8110730593607306, 0.5395257849913735 
0.8033675799086758, 0.5800629757340444 
0.8303082191780822, 0.45009738642164004 
0.8047945205479452, 0.5038678631068199 
0.8159817351598173, 0.49355307826879297 
0.8264840182648402, 0.4411457107067846 
0.08601598173515981, 2.3065131563596304 
0.1749429223744292, 2.3318283652592946 
0.2776826484018265, 2.2439388847392148 
0.3582191780821918, 2.1643630120144506 
0.3786529680365297, 1.8303675060980535 
0.47842465753424657, 1.5967096695975953 
0.5217465753424657, 1.5575357315032123 
0.5748858447488584, 1.4445799580842233 
0.6716324200913242, 1.0292170422770666 
0.7252853881278539, 0.8511966435897633 
0.7583333333333333, 0.7551067275519998 
0.6651826484018265, 0.9958390571925059 
0.7509703196347032, 0.7021277938465977 
0.7582762557077626, 0.7237878530973959 
0.7543949771689498, 0.8374720301860527 
0.7481164383561644, 0.6541785710362167 
0.7566210045662101, 0.667233571911496 
0.7925799086757991, 0.5583904424548016 
0.8023401826484018, 0.5313178407915962 
0.828824200913242, 0.4662495210148525 
0.8193493150684932, 0.48806171240263646 
0.7777397260273973, 0.5960028911355111 
0.7804223744292238, 0.5531689685194077 
0.8100456621004566, 0.4848668689714391 
0.7890981735159818, 0.5398331568140506 
0.8014840182648402, 0.559410344346262 
0.8133561643835616, 0.4785373075497066 
0.8073059360730593, 0.5819211005083297 
0.8113013698630137, 0.5966539437882424 
0.8301369863013699, 0.44349991215640217 
0.8482876712328767, 0.3946679455996883 
0.09018264840182648, 2.3032107268778144 
0.14440639269406394, 2.2975970690821796 
0.2478310502283105, 2.190926798361184 
0.3732876712328767, 2.0431658540143536 
0.4252283105022831, 1.7678836671604132 
0.593607305936073, 1.3959022641658303 
0.5874429223744292, 1.4822765664770845 
0.6116438356164383, 1.3287676133109887 
0.6339611872146119, 1.2133795536054757 
0.6539954337899543, 1.173180724434258 
0.6520547945205479, 1.114101250628316 
0.6574771689497717, 1.0996534784369394 
0.7019406392694064, 0.9253395936212248 
0.7699200913242009, 0.6842405127477654 
0.7488584474885844, 0.7495900122065505 
0.7684931506849315, 0.6755501090582449 
0.7817351598173516, 0.661805558190246 
0.7797945205479452, 0.6534991177240356 
0.7623287671232877, 0.8233441021228776 
0.736986301369863, 0.8390062288112405 
0.7770547945205479, 0.6294298637109262 
0.7754566210045662, 0.6408298160392502 
0.8231735159817352, 0.4718772705398703 
0.8099885844748859, 0.5741723153781528 
0.8063356164383562, 0.633315896543451 
0.7889840182648402, 0.7346015850958587 
0.8017694063926941, 0.6381790731921414 
0.8065639269406393, 0.6053574097183766 
0.8162100456621004, 0.4887605982332185 
0.8134703196347032, 0.5210995062446553 
0.8045662100456621, 0.6110775965946683 
0.0684931506849315, 2.3025967675000203 
0.20211187214611873, 2.2735312175787246 
0.27579908675799086, 2.232758810484117 
0.3125570776255708, 2.063699122763611 
0.49474885844748856, 1.850488592424126 
0.5549086757990868, 1.654680719787389 
0.5759132420091324, 1.372592909762901 
0.6484589041095891, 1.2587359748926201 
0.6486301369863013, 1.1267887037981923 
0.6514269406392694, 1.0149263007353113 
0.6702625570776256, 0.9744167966710383 
0.6709474885844748, 0.954264623110124 
0.6898972602739726, 0.8968910555926453 
0.6975456621004567, 0.9179022154486617 
0.6957191780821917, 0.9442805017529706 
0.7502283105022831, 0.7692717775209718 
0.757134703196347, 0.8079088126247889 
0.7567351598173516, 0.7490281954163986 
0.7760273972602739, 0.5876686322940642 
0.7739155251141553, 0.6251897788975619 
0.7740296803652968, 0.721090937886488 
0.805079908675799, 0.5215335640008739 
0.7786529680365297, 0.6495826115102488 
0.7820776255707762, 0.6710421261942773 
0.7911529680365297, 0.5606631042540859 
0.754337899543379, 0.6675128105986036 
0.7871004566210046, 0.6459635268806521 
0.8371575342465754, 0.42719732673180355 
0.8296232876712328, 0.4431866161660473 
0.8238584474885845, 0.4574113875446744 
0.8104452054794521, 0.47382899188432287 
0.11763698630136986, 2.301716209096894 
0.20273972602739726, 2.3202339623003603 
0.40736301369863015, 2.1225633500386345 
0.35610730593607304, 2.0341842719917094 
0.4037671232876712, 1.69410201577986 
0.4757420091324201, 1.5077738532565454 
0.5726027397260274, 1.2507079586523597 
0.5630707762557078, 1.3229878008191631 
0.6046232876712329, 1.202127967377808 
0.6255707762557078, 1.0192906614186195 
0.6505707762557078, 1.0211816743807083 
0.6932077625570776, 0.8846539870880766 
0.7007420091324201, 0.8838646988673948 
0.7194634703196348, 0.9498100786482 
0.7506849315068493, 0.7358616790723534 
0.7281963470319635, 0.7966312569338588 
0.74412100456621, 0.7714433003182931 
0.7484018264840183, 0.7397843565863423 
0.7921803652968037, 0.5984745125078053 
0.8118721461187215, 0.5384834135139495 
0.7748287671232876, 0.708219101992122 
0.7458333333333333, 0.7443217755228304 
0.7737442922374429, 0.670446238193303 
0.7937214611872146, 0.608396734881438 
0.7740296803652968, 0.6709268714555691 
0.8031392694063927, 0.5533078758970044 
0.7868721461187215, 0.637379812489356 
0.8001141552511416, 0.6342505742334472 
0.8047374429223745, 0.5990657059240097 
0.7987442922374429, 0.5534822798025218 
0.7970319634703197, 0.6348793927609445 
0.11843607305936073, 2.301553719213509 
0.20176940639269406, 2.2740849352129384 
0.3247146118721461, 2.109248763329676 
0.36598173515981736, 1.8470601670695026 
0.3686643835616438, 1.7355523211810207 
0.4925799086757991, 1.4498059265372583 
0.5572488584474886, 1.4251199714785263 
0.5472602739726027, 1.360286050187324 
0.5903538812785388, 1.2197872948794302 
0.6436073059360731, 1.0409208511830996 
0.6590182648401827, 1.0139378499012202 
0.7088470319634703, 0.8849244634549535 
0.7198630136986301, 0.8241186460762129 
0.7651826484018265, 0.6635526848459904 
0.7662100456621005, 0.7156331148993361 
0.7085616438356165, 0.8389038817020551 
0.7300799086757991, 0.7364250605230278 
0.7626141552511415, 0.7052009317668791 
0.7823059360730593, 0.6399893773319256 
0.7950342465753425, 0.5494155010704456 
0.8004566210045662, 0.5693004458773115 
0.7928652968036529, 0.596625620275604 
0.8082762557077625, 0.5058546676079402 
0.8421232876712329, 0.4290654899079672 
0.8281392694063927, 0.45297845325127506 
0.8003995433789954, 0.606035748149545 
0.8492009132420091, 0.41481411676637464 
0.8113584474885844, 0.48583712652502126 
0.8062214611872146, 0.5505324185398999 
0.7866438356164384, 0.5533900600446434 
0.818892694063927, 0.46539939640478156 
0.11986301369863013, 2.300670750747231 
0.1642123287671233, 2.242952850429059 
0.23139269406392693, 2.2885314880729086 
0.2771689497716895, 2.2318732710027493 
0.35941780821917807, 1.9798005850982794 
0.4860730593607306, 1.8721350608094043 
0.5251712328767123, 1.635129440735575 
0.5613584474885844, 1.414454612067999 
0.5824200913242009, 1.3890494542841045 
0.6473744292237443, 1.2157829010568182 
0.6730022831050229, 1.0703021307642733 
0.6685502283105023, 1.0293647519517461 
0.7180936073059361, 0.8860329409603424 
0.7144406392694064, 0.9072853425105144 
0.7106735159817351, 0.8642816744273412 
0.7328767123287672, 0.7761960338293411 
0.7339041095890411, 0.8339962754091946 
0.7283675799086758, 0.8882516095739045 
0.733675799086758, 0.7171744204688408 
0.7956050228310503, 0.6070403390588806 
0.7876141552511415, 0.6700044242099318 
0.7888698630136987, 0.5751610429621278 
0.757420091324201, 0.6981496255335671 
0.7669520547945206, 0.7856007462552289 
0.7904109589041096, 0.591266262576777 
0.8087328767123287, 0.5113583919121548 
0.8014269406392694, 0.5195493450209411 
0.7819634703196348, 0.6029856287620949 
0.795148401826484, 0.5400241101506504 
0.8142694063926941, 0.5020767628279166 
0.8089611872146119, 0.5010813185456673 
