acuracia,loss,frr,fpr, removed, n_clf, tp_removed
0.084, 2.300968692660332
0.1875, 2.9403237411379815, 0.8848389999873948, 0.43046304730644697, 0,0, 0
0.243, 4.907852112667635, 0.8629200765986722, 0.3979332342603311, 0,0, 0
0.243, 3.1954142494350672, 0.8629200765986722, 0.38115435408007026, 0,0, 0
0.1875, 2.7950252336785195, 0.8848389999873948, 0.42653491398008014, 0,0, 0
0.1875, 4.337593418061733, 0.8848389999873948, 0.4173568984742402, 0,0, 0
0.229, 3.8626385090351105, 0.8165354875711923, 0.31466821186826577, 0,0, 0
0.2295, 2.9652940946370365, 0.8159736898183834, 0.30850688115800967, 0,0, 0
0.239, 3.6751870032399894, 0.8033716377616056, 0.30142189987177015, 0,0, 0
0.4365, 2.5490390459895136, 0.7110888790680127, 0.22111122952964485, 0,0, 0
0.321, 2.39919289490208, 0.817320403508368, 0.31674248804843447, 0,0, 0
