acuracia,loss,frr,fpr
0.10736736233341715, 2.305482146126678
0.17437767161176768, 2.422938520431159, 0.8233881516782029, 0.4006415913968439
0.13540357053055066, 2.542468713026476, 0.8768751630205165, 0.4308735990916641
0.1054815187327131, 2.9514559412050523, 0.9042192860931386, 0.48954244752801107
0.16193110384712095, 3.02101509907766, 0.9248406195297165, 0.4878058719522827
0.10271561478501383, 3.5992033786908717, 0.9076188794426072, 0.5036474855491659
0.12383706311289917, 2.7189849377098114, 0.8861868307026238, 0.4785803745279397
0.16193110384712095, 2.4512807417071762, 0.9248406195297165, 0.4870256542423258
0.17349761126477245, 2.7997206312674265, 0.8226302018098995, 0.2688171409008822
0.16193110384712095, 3.309467543500106, 0.9248406195297165, 0.48848914336009847
0.16193110384712095, 3.112538982871222, 0.9248406195297165, 0.4905928228103265
0.15375911491073674, 2.7871964862591243, 0.849808207988413, 0.29801912783335843
0.2149861704802615, 2.411439567182362, 0.8789328847829151, 0.3700502268852828
0.13930098063867236, 2.4555225278493715, 0.8618891052260312, 0.32491636746411223
0.16193110384712095, 3.425791726729357, 0.9248406195297165, 0.48924550951311885
0.19650490319336184, 2.643073526116241, 0.8940597558673852, 0.4091601510542008
0.15363339200402312, 2.853919286564693, 0.8396896667230637, 0.30802032505278987
0.18619562484284638, 3.315151797814085, 0.905391291587888, 0.4306540984501812
0.21385466431983907, 2.493277824911185, 0.7696848240177533, 0.25283652562014575
0.27897912999748553, 2.167768746839266, 0.7746241729016884, 0.22851181096249465
0.17136032185064118, 3.738845255898922, 0.916665706626199, 0.4597713396352781
0.1683429720895147, 3.855865984446954, 0.9186190460619986, 0.46717073861321573
0.1405582097058084, 2.914026286390249, 0.8527888203128785, 0.30724362980397585
0.18217249182801107, 3.4061383423750233, 0.9090364728858542, 0.43807665815037855
0.16117676640683934, 2.7281890301989766, 0.826068454042341, 0.2744643348212168
0.2144832788534071, 2.268640463334818, 0.7719122386969733, 0.2301272703991331
0.25194870505406086, 2.7196812118631466, 0.8432364547811781, 0.3312151141290521
0.28300226301232084, 2.272573058531606, 0.8169734868629612, 0.27165624606715044
0.21184309781242142, 2.7066149904196184, 0.8838428521924958, 0.3053996840844655
0.24427960774453106, 2.4578707677419684, 0.8489720087019501, 0.33587193460882675
0.19650490319336184, 2.2033221508529217, 0.7847496203185682, 0.28406176878889877
0.2617550917777219, 2.3998914348148417, 0.8230744077222566, 0.28649779434045225
0.16469700779482022, 4.115806051081144, 0.9230466649202295, 0.4790126627452048
0.21687201408096554, 2.3047669470377654, 0.7946032194056045, 0.27825954268328207
0.16670857430223787, 2.740294302771791, 0.822792578272294, 0.3103899776693779
0.14935881317576064, 2.9383350115401496, 0.8476914924392897, 0.32689570927484135
0.20354538596932362, 3.25286607790728, 0.889474337338301, 0.3964880918984934
0.12962031682172492, 3.5421573213065782, 0.8734637426394767, 0.39732903823247284
0.14269549911993964, 2.8605025037055283, 0.8456566547070611, 0.32873484469069164
0.14923309026904702, 2.61358019320291, 0.8344910331107238, 0.3745406396017352
0.27558461151621827, 2.3143199293838843, 0.8065621308628174, 0.2638832043846657
0.1751320090520493, 2.8608184671144197, 0.8162351831834793, 0.314013929692006
0.21737490570781998, 2.4520014843746347, 0.7922053529560563, 0.31339244969425206
0.22542117173749057, 2.411176202650612, 0.7820571636383494, 0.24382646130596305
0.17852652753331658, 2.680333101763658, 0.8089942705529987, 0.2773585740140133
0.2995976866985165, 2.0359067467549714, 0.7776241148926899, 0.24509325761602216
0.210082977118431, 3.315597958976592, 0.8849400458461752, 0.39660983233118463
0.2103344229318582, 3.294528451396224, 0.8810384147115821, 0.3842933176544202
0.19763640935378426, 2.6512054467256685, 0.7772720908431577, 0.2548084390332297
0.14684435504148857, 3.1239863970743853, 0.8620505954316129, 0.37615680879278107
0.20027659039476992, 2.6182609142813815, 0.7893195388256706, 0.32715075040315567
0.26401810409856674, 2.605522180666928, 0.828785371895836, 0.31139378977098064
0.2651496102589892, 2.453528416525457, 0.8131427734686416, 0.29939933414630276
0.13138043751571538, 3.919426050234557, 0.8694564251992034, 0.4036551968768097
0.25660045260246417, 2.4671340216122624, 0.8344493790795444, 0.3276025530229638
0.1567764646718632, 3.5997394076732347, 0.8219154217418013, 0.28695244960070865
0.25974352527030425, 2.3316173816794334, 0.7454332709829701, 0.28761442724771674
0.19424189087251698, 2.3179143412960874, 0.803503039325901, 0.27209123911103894
0.2862710585868745, 1.9308810919290935, 0.7055835709510011, 0.21013648699338042
0.2543374402816193, 2.1773349809150524, 0.7383161520996453, 0.2285932855877008
0.24000502891626854, 2.2638696828079126, 0.7397173174104184, 0.2332468746077655
0.30915262760875034, 2.043426832370132, 0.7730467396827261, 0.24407168317093952
0.3046266029670606, 2.0309974363409515, 0.6899640853323662, 0.21004882333222358
0.20341966306261, 3.3127742745197684, 0.7819213724773687, 0.2974988591546194
0.21184309781242142, 2.948308902585854, 0.7751756920771697, 0.29205169878671794
0.2777219009303495, 2.0763080865856627, 0.7093374961746396, 0.24291058941523963
0.2933115413628363, 2.3635116179504374, 0.7156716053957148, 0.2510194878892096
0.34536082474226804, 1.9881077317817444, 0.7256469997522497, 0.20838705934010956
0.22026653256223283, 2.0720966321561156, 0.7804740877197383, 0.2780086619324064
0.2980890118179532, 2.1886164494006812, 0.7887696524589123, 0.2891063095179166
0.22039225546894645, 2.4751383785045054, 0.7694901316930841, 0.23032748040180642
0.2666582851395524, 2.36371483680199, 0.7462578503240275, 0.2538034068966257
0.2069399044505909, 3.4660005504750173, 0.7766925934375299, 0.30987051135152127
0.21171737490570783, 2.6945128646333343, 0.7830630297458181, 0.25987271587492144
0.20203671108876037, 3.8194800190063676, 0.7884797255248488, 0.3154535225957842
0.24817701785265275, 3.148530521272474, 0.7298220217118978, 0.2739091360265153
0.3348001005783254, 1.866739590583673, 0.6712527933017448, 0.18118213825230872
0.329519738496354, 1.8586286858851988, 0.6755237101138357, 0.20806795593555194
0.3351772692984662, 2.1018262729517083, 0.7422968585788067, 0.21310572472740116
0.31028413376917274, 1.984382459483076, 0.6873852408113525, 0.19836025894782894
0.1801609253205934, 2.6619708097764887, 0.8061729642873297, 0.2948709889348157
0.28237364847875285, 2.188547596541487, 0.6929995456456106, 0.1853160209793777
0.31745033945184814, 2.1249361323679334, 0.76328857911939, 0.261070778149746
0.2584862962031682, 2.8578721892673156, 0.8254850045042076, 0.33463441759916973
0.2553432235353281, 2.154541232619179, 0.7301960989393173, 0.2465428973496645
0.2841337691727433, 2.3999775921635993, 0.7194445697024929, 0.22551693500955136
0.2857681669600201, 2.3912010209207293, 0.7097479599966684, 0.21473925233680377
0.28237364847875285, 2.2052904206183137, 0.7021193161933235, 0.19150722576029516
0.30261503645964294, 2.220826852465316, 0.6884069987634021, 0.2236224536608457
0.27118430978124214, 2.6336234598482617, 0.7334525570757748, 0.2658518884627972
0.3164445561981393, 2.160819270355575, 0.7599500727549237, 0.24715450544795875
0.32574805129494594, 1.8473682606642887, 0.64843461432487, 0.17802838260867182
0.34171486044757354, 2.005016248269479, 0.7332803402399394, 0.2362070509921182
0.27935629871762635, 2.1698180291935643, 0.7161916729077399, 0.25375798283403195
0.3244908222278099, 2.0558732191326934, 0.6773988392900834, 0.20972666241638716
0.32310787025396026, 2.219838644238552, 0.7575429458957487, 0.24486328285106093
0.27319587628865977, 2.353025573389387, 0.7251362990617746, 0.25405982974782604
0.33392004023133015, 2.1514589951708745, 0.7503937164515726, 0.24470907393463456
0.3552929343726427, 1.7456990619355601, 0.6569808361026607, 0.19491417746201747
0.25924063364344985, 2.4455807515018875, 0.7260684831968376, 0.2649708055648691
0.22014080965551924, 2.4795356362201937, 0.7612982321166804, 0.26064186701860675
0.12245411113904954, 2.301637626245809, 0.8966944237968284, 0.2837983525132446
0.11013326628111642, 2.3616153529039843, 0.8894002911411201, 0.5040481284986202
0.12371134020618557, 2.6718030206546253, 0.8864779532731579, 0.5059530742073399
0.16193110384712095, 2.754411495358374, 0.9248406195297165, 0.49072691839614585
0.14432989690721648, 2.95487690258182, 0.8479813377865116, 0.4803635162982955
0.16193110384712095, 3.0508556665713567, 0.9248406195297165, 0.4882767914125906
0.08398290168468694, 3.8335129996025894, 0.8998382610234921, 0.4883654697724533
0.07970832285642444, 3.2694567853117937, 0.9108252362302437, 0.4878050059366013
0.12547146090017602, 2.8100029062559355, 0.8837309210254896, 0.47467445542742664
0.07983404576313805, 3.3794721680683257, 0.9107061886111961, 0.4881683489967215
0.133392004023133, 3.284159170388276, 0.873463889175946, 0.39799336285775383
0.2065627357304501, 2.769183672430649, 0.8226140885528079, 0.256220018073405
0.1410611013326628, 2.862228302454151, 0.8490704020818118, 0.3248555469304602
0.14269549911993964, 2.9347923711927684, 0.8683941598203373, 0.30509921334152096
0.11830525521750063, 2.58819383496701, 0.8943859088855751, 0.46425040001708434
0.15979381443298968, 2.6835279158380483, 0.8259901616192518, 0.31485456016552527
0.10447573547900428, 2.8650888542089445, 0.9058086204927807, 0.47008418477001085
0.16167965803369375, 3.4895326673969542, 0.8213254801352197, 0.319137140383988
0.15375911491073674, 3.309553942980555, 0.8291214231700677, 0.3281818356287925
0.12257983404576314, 3.7563630603937637, 0.8747556969961459, 0.32717732348282064
0.14923309026904702, 2.9358339288635174, 0.8448014125835914, 0.32778998774236084
0.187578576816696, 3.029482829558031, 0.8299239960917946, 0.3231459845708027
0.14697007794820216, 3.799727876124323, 0.8514848409668068, 0.29932486091672383
0.1292431481015841, 2.943043361580234, 0.8825063715744876, 0.4281355513930783
0.2268041237113402, 2.6732365904829747, 0.8678352359909611, 0.35594760919742163
0.1797837566004526, 2.523744181851391, 0.8353348095029764, 0.3580799253686937
0.15539351269801358, 2.955468952048805, 0.8351025970359113, 0.3253295667918443
0.12232838823233594, 2.8874845975587977, 0.8841016169414844, 0.40136147544727785
0.17827508171988937, 2.7187067722147185, 0.8333335362205306, 0.28557679642355954
0.11503645964294694, 3.7734024030631113, 0.8939148419094903, 0.43164419640899765
0.2264269549911994, 2.2488953510825285, 0.7769154654176046, 0.24498849715936744
0.16469700779482022, 2.985983951467349, 0.8115134361198224, 0.3533879945782583
0.23573045008800603, 2.3780606096342995, 0.7686488284398988, 0.26433144620687127
0.22592406336434498, 2.769880614510644, 0.7818282627790738, 0.30757484827811526
0.17500628614533567, 2.8891426652017955, 0.8231516656350251, 0.2619731090189892
0.2303243650993211, 2.545239573751588, 0.7672828962846862, 0.22306265988495924
0.22906713603218506, 2.6826075466285557, 0.7512981918358949, 0.2650774786593936
0.16922303243650993, 3.97271599197001, 0.817178297700983, 0.38349036484474774
0.1884586371636912, 3.960265909828131, 0.8000395114317754, 0.32092713141354134
0.1410611013326628, 3.177366017135643, 0.8459293845794695, 0.3364608141383313
0.163816947447825, 2.977772105443049, 0.8153463986199289, 0.37341588266687287
0.18204676892129745, 3.2899993367461304, 0.8022531867270445, 0.3731316532378628
0.23774201659542368, 2.512173532105763, 0.7440277271325918, 0.20503319381679577
0.22202665325622328, 3.0117850543690863, 0.7758282274886332, 0.25033206027493565
0.17777219009303494, 2.623532455677749, 0.8150544649903131, 0.324967761044888
0.15413628363087756, 2.8246830859832017, 0.8370833405782961, 0.33932820130007263
0.21762635152124718, 2.485458698922706, 0.7749864379088754, 0.24683816554031085
0.23698767915514207, 2.596648485056713, 0.7596941588505817, 0.23873528272401578
0.21310032687955746, 3.5192136285109514, 0.7616848124532344, 0.3062662686900988
0.3348001005783254, 2.018165362017641, 0.6961544189347464, 0.2126744411829494
0.18632134774955997, 2.3010227142479334, 0.8081947206229642, 0.2965144756926936
0.20945436258486297, 2.4199458904862254, 0.7899061324790841, 0.2798028301538146
0.2739502137289414, 2.1189943108616807, 0.7376277109336727, 0.22510846518644165
0.2909228061352778, 2.0920205516958466, 0.8077880840084956, 0.2652919086020522
