acuracia,loss,frr,fpr
0.012744963683705632, 4.607353462819385
0.015348773468548719, 4.606356069586514, 0.9840688972858277, 0.12262330855720723
0.01507468822803892, 4.605369810047126, 0.9834033858985128, 0.1229317978030944
0.01137453748115664, 4.603413579038223, 0.9870335749550405, 0.135390915448789
0.018089625873646705, 4.608300156506411, 0.9841919953624151, 0.1517036072514085
0.008633685076058654, 4.629474804632399, 0.9907608002472708, 0.147656827871994
0.014252432506509524, 4.789827326380816, 0.9853159394906388, 0.1509600991094715
0.013841304645744826, 4.835490864303743, 0.9867902647066502, 0.15471812355455616
0.011785665341921337, 4.814410142348338, 0.9892751999553592, 0.15007942566095875
0.012059750582431136, 4.786390546806809, 0.9890408796471215, 0.15038972438664422
0.01699328491160751, 4.717267830208162, 0.983107107926532, 0.13256688290029328
0.019460052076195698, 4.716351403036035, 0.9821517023227913, 0.14144988234776715
0.01740441277237221, 4.854318742476311, 0.9843439072868746, 0.15522740840013838
0.015211730848293819, 4.750548444709763, 0.9842879578582066, 0.1350580889532006
0.015896943949568317, 4.761840999069256, 0.9845701816968453, 0.13539291071088172
0.0185007537344114, 4.716917384041651, 0.9819945142019235, 0.13685465639614677
0.026860353569960256, 4.649598989843489, 0.9745258472958308, 0.1118137230597564
0.017541455392627105, 4.668073060791248, 0.9826048667038539, 0.1309782582440755
0.021378648759764286, 4.598508966643793, 0.9774007208653361, 0.11009485468949823
0.032753186240920926, 4.622069693565761, 0.9669116000932467, 0.10039870630724028
0.03521995340550911, 4.588556349955471, 0.9672608622852974, 0.11058808187250292
0.021652734000274086, 4.548064965392786, 0.9788892855928828, 0.11033438482176995
0.023297245443332875, 4.7255718307787875, 0.97695361594561, 0.12436310857144728
0.03645333698780321, 4.511751249226312, 0.9645153580084663, 0.09192320497449057
0.03576812388652871, 4.495638472030501, 0.9659196722166874, 0.11528586965438153
0.033301356721940525, 4.572307030762877, 0.9699048661772776, 0.10974100970143674
0.061943264355214474, 4.417758676929639, 0.9403960889455436, 0.08899195396530729
0.04604632040564616, 4.389407710210908, 0.9560695421882781, 0.09638954810101731
0.036727422228313, 4.471166031122436, 0.9652492550567274, 0.10281441992430343
0.0378237631903522, 4.394153245004772, 0.961381474287751, 0.09999328136190805
0.04892421543099904, 4.424394535172127, 0.9514696318127736, 0.09479871609486556
0.0567356447855283, 4.352965817412922, 0.9471866242124937, 0.08366088021883014
0.04549814992462656, 4.402304598774439, 0.956913203409826, 0.11520028208410839
0.0378237631903522, 4.599617917194291, 0.9639399132909527, 0.09978913969090289
0.04330546800054817, 4.357237733650391, 0.9596838057140132, 0.0911467538436272
0.05344662189941072, 4.274821064448346, 0.9494239058545648, 0.08270894548803528
0.04714266136768535, 4.3311062339431405, 0.9532321921135827, 0.09701460289984354
0.05933945457037139, 4.242577683848846, 0.9411467712843519, 0.08335996173929847
0.04823900232972454, 4.270559772132308, 0.9523255194387551, 0.09997126942388715
0.04604632040564616, 4.344420418700764, 0.9576935663316816, 0.08792232117919838
0.04865013019048924, 4.360431736767317, 0.9537564577715443, 0.08827828924494728
0.06619158558311634, 4.261696082264557, 0.934425317016788, 0.08399044123061986
0.05248732355762642, 4.301083339637839, 0.9508925328358819, 0.0860990121441048
0.05824311360833219, 4.3241873420034675, 0.9447041212096656, 0.0886439744158683
0.06249143483623407, 4.235423603759688, 0.9411430944127289, 0.08600976321927148
0.06646567082362614, 4.297913281806808, 0.9372666195314295, 0.08083930004683632
0.06372481841852816, 4.2379694130055725, 0.9402343074476035, 0.08074498667823798
0.055365218582979304, 4.318488094469154, 0.9477873303290799, 0.09405571129737939
0.0371385500890777, 4.519892653030975, 0.9642695187844734, 0.10016118409852454
0.06742496916541044, 4.209187827078271, 0.9353965311658253, 0.08170628541873125
0.06495820200082225, 4.2021721009605635, 0.9390440467460864, 0.08617139249206213
0.06701384130464574, 4.272692791914407, 0.9364803768846851, 0.08759038716507804
0.06893243798821433, 4.268046895428784, 0.9354606306103165, 0.07790096862299334
0.08565163765931205, 4.19446927164456, 0.9195418356510797, 0.07860808013390677
0.07057694943127313, 4.1592283142059, 0.9331429452080512, 0.08068008774397796
0.06495820200082225, 4.205805080499292, 0.9384338261128454, 0.07894907432502721
0.06468411676031245, 4.151994998150857, 0.9389280499733877, 0.08625595533016192
0.07948471974784158, 4.1546519472286345, 0.9241939974581606, 0.07780866192697994
0.07879950664656708, 4.100203363555939, 0.9238867991473455, 0.07953922746538167
0.0771549952035083, 4.15046733233052, 0.927765656270367, 0.08366554908414184
0.07139920515280253, 4.186332002770203, 0.9337000745753528, 0.0875020220290174
0.06906948060846924, 4.201229482607366, 0.9355384953367549, 0.08457395725684375
0.0737289296971358, 4.095468940940053, 0.9293868580728529, 0.08062352444568224
0.08304782787446896, 4.14973608506809, 0.920389595273517, 0.07810524869934558
0.073454844456626, 4.139784756728814, 0.9302251856452517, 0.07705590300071234
0.07167329039331231, 4.200149727207481, 0.9305900023359335, 0.0889739741217495
0.06591750034260654, 4.176527132804351, 0.936152973156613, 0.08510522694858919
0.07879950664656708, 4.14549709931455, 0.923411428189478, 0.07862473193313296
0.0760586542414691, 4.116013544854259, 0.9249115331486221, 0.07547868580543259
0.07742908044401808, 4.098008250118495, 0.9250188911882016, 0.08063753950819316
0.07934767712758668, 4.084048203152958, 0.9253552538375756, 0.08160925657840823
0.09209264081129231, 4.097435433129113, 0.9109235492237198, 0.07685111837264232
0.07907359188707688, 4.157271903427362, 0.9233904053315598, 0.08112204189199185
0.07811429354529259, 4.13491370388134, 0.9261279565457922, 0.07697296716929779
0.07770316568452788, 4.251582103770809, 0.9275534294323294, 0.081127268221731
0.08976291626695902, 4.211989196535821, 0.9148452276685458, 0.07727107771768406
0.08332191311497876, 4.1041303212567195, 0.9219925910052528, 0.08157744981071369
0.08469233931752775, 4.145156805598933, 0.9195610414033375, 0.0805174922519231
0.08537755241880225, 4.130751814926522, 0.9201727045882404, 0.08880059921335842
0.08071810333013567, 4.148890157488906, 0.9244086617461355, 0.08717099111355432
0.09702617514046868, 4.026689133121981, 0.9077901236710108, 0.07405016866607451
0.0766068247224887, 4.176478443561359, 0.9282208279816803, 0.0820295741746811
0.07701795258325339, 4.164248470445194, 0.9262687171483712, 0.08813115472267272
0.08195148691242976, 4.112525197141903, 0.9182984133313173, 0.08589024380677616
0.09072221460874332, 4.020079419108733, 0.9140009412343453, 0.07683340865733361
0.10209675208989996, 3.999848711959496, 0.9012922341099526, 0.07549017886027933
0.08619980814033164, 4.154412555060714, 0.9189752049959828, 0.08716237506080185
0.08455529669727285, 4.1007885796347106, 0.9176407918692875, 0.08419840270434832
0.08359599835548856, 4.114165947602941, 0.9186795076388538, 0.07986044119927847
0.08935178840619433, 4.175107506982297, 0.914538233230371, 0.07575914390734777
0.10209675208989996, 4.032126257284645, 0.902985475316367, 0.07775753158433671
0.08249965739344936, 4.115993065214556, 0.9201305074319087, 0.07983834353537637
0.08030697546937098, 4.220079062506811, 0.9241772159039973, 0.08303368727912785
0.10100041112786076, 3.919812393136199, 0.902524354217057, 0.07523435373564365
0.09867068658352748, 3.9417270129063824, 0.9005154559710712, 0.07747510787584985
0.10113745374811567, 3.940389851666451, 0.8992995110166256, 0.07415436257366381
0.10634507331780184, 3.9338601564926465, 0.8967766202740128, 0.07382225713244903
0.10305605043168425, 3.9891066509713142, 0.9029240955215088, 0.0777035286467908
0.08469233931752775, 4.101689076038098, 0.9171655381988062, 0.08375055695863712
0.1130601617102919, 3.8643631642691743, 0.8892047377688226, 0.07299127177876598
0.10428943401397835, 3.9623333453903364, 0.899583009020151, 0.07838213162829367
0.012333835822940935, 4.606645227834528, 0.9882024655011576, 0.11764067944248835
0.016033986569823216, 4.60562005160001, 0.984840300771961, 0.11991473343539598
0.015759901329313417, 4.603729776834909, 0.9847414737714696, 0.11930726731923898
0.016445114430587913, 4.6015903995807195, 0.9839814717207883, 0.13102479899152739
0.013430176784980128, 4.618890027142525, 0.9873098955480595, 0.15501571770024072
0.015896943949568317, 4.698779660413506, 0.9845068898784131, 0.15432573816614023
0.021104563519254486, 4.754261577719121, 0.980791033708024, 0.14256062319555146
0.013430176784980128, 4.786770522145191, 0.9852288814022347, 0.13897660798538825
0.016033986569823216, 4.783643717306418, 0.98431821063313, 0.1529926503796464
0.01713032753186241, 4.860774386463319, 0.9839443878349258, 0.13411518820635837
0.021926819240783883, 4.807978341656874, 0.9768065002548911, 0.13385952365753157
0.017541455392627105, 4.728622295406562, 0.980565057237319, 0.1520165261750337
0.010963409620391941, 4.762821495034719, 0.9897389844786649, 0.1380626553952297
0.027134438810470056, 4.669790047594206, 0.9734713640925485, 0.11352487691736066
0.01699328491160751, 4.822788988382372, 0.9837077214762509, 0.13561951329081604
0.019460052076195698, 4.676422399381293, 0.9817593854179293, 0.13188164273965064
0.031108674797862137, 4.6910933358254, 0.9687072549003569, 0.09881648631417081
0.012196793202686036, 4.7046696750598525, 0.9881920903388971, 0.1402921852513784
0.02672331094970536, 4.609912418740832, 0.9753868338350258, 0.11523641829136513
0.024804714266136767, 4.595989264673413, 0.9755197842146941, 0.12184633968362714
0.03426065506372482, 4.526697926575539, 0.9660751255335748, 0.10159915405994466
0.03371248458270522, 4.618967643188617, 0.967261126769072, 0.10971784491088364
0.0370015074688228, 4.528815093523381, 0.9625749781180615, 0.10407944072246461
0.032890228861175826, 4.649308222392593, 0.9669082408685286, 0.10531805762189146
0.0371385500890777, 4.551930425051746, 0.9638811643825328, 0.10535670772146805
0.05372070713992051, 4.349953067062554, 0.9473465840775974, 0.08761631955476651
0.04248321227901877, 4.459957060821092, 0.9570095365844784, 0.10915997727530545
0.04357955324105797, 4.426112733394361, 0.959323630247933, 0.09243995681264393
0.04810195970946964, 4.329831644527157, 0.9529226618796198, 0.09267016006785309
0.038646018911881595, 4.451799511697107, 0.9613933874509751, 0.1031831584764954
0.050568726874057834, 4.337581272858437, 0.9503288531959845, 0.08378721551454049
0.032753186240920926, 4.5129706674983305, 0.9683001815846751, 0.12454907724914108
0.05413183500068521, 4.4289933010962335, 0.9490261132108341, 0.10077881105720922
0.061121008633685074, 4.319421777010324, 0.9413462579320893, 0.0817369047619719
0.05344662189941072, 4.3550106964487725, 0.9504163516069346, 0.08517575302624886
0.0570097300260381, 4.348157829236572, 0.9442252025060011, 0.101960433603814
0.06399890365903796, 4.192620506053986, 0.9366671808409763, 0.08931210546103262
0.06016171029190078, 4.1901135847832185, 0.9392324483059034, 0.0824213311052155
0.05975058243113608, 4.260821099115983, 0.9414298404075983, 0.08597632792485832
0.06564341510209676, 4.282176348319099, 0.9344832993534595, 0.08269846074820147
0.05892832670960669, 4.313154648505973, 0.9402020583864337, 0.09127029832408498
0.05097985473482253, 4.25816910629062, 0.9500653015694991, 0.09166141815559137
0.05906536932986159, 4.263501219264576, 0.9434178844874035, 0.08632308951667912
0.05317253665890092, 4.2897529975835695, 0.9505403768405947, 0.10435250552678815
0.055776346443744004, 4.258964011877289, 0.9462574582953274, 0.08769427954196321
0.06016171029190078, 4.228917523542626, 0.9416275076098501, 0.08868411035676223
0.056324516924763604, 4.202470509601127, 0.9461846338237013, 0.09322010515927218
0.06468411676031245, 4.218815884884864, 0.9394300419409398, 0.08145537315477704
0.07126216253254762, 4.170693983080224, 0.9320816938865658, 0.08266182789894724
0.06523228724133205, 4.293587312904861, 0.9378061918356644, 0.08411849681084986
0.06742496916541044, 4.24341110873095, 0.933669935937847, 0.08317117214727915
0.07838837878580239, 4.1180979013606365, 0.9214677316438027, 0.08639195817800495
0.06728792654515554, 4.205448853850315, 0.9335335967580967, 0.08698956325232782
0.07222146087433191, 4.255167938673906, 0.9298211873450352, 0.0784091239950082
0.07386597231739071, 4.325925712816124, 0.9296313675692658, 0.08651258905668881
0.07153624777305742, 4.293047792089464, 0.9320765150423704, 0.08308789775445756
0.07290667397560642, 4.228150013964422, 0.9277665008331184, 0.07942144804432832
0.07701795258325339, 4.117284165582739, 0.9226587687611116, 0.08206122320122794
0.08277374263395916, 4.083470039928353, 0.9205077631440903, 0.0779201713067773
0.06989173632999864, 4.127147147389851, 0.9294808871020745, 0.08260392268595208
0.0737289296971358, 4.198786071069897, 0.9285566322212625, 0.0816351488496142
0.06345073317801836, 4.265080465655531, 0.9386804398011286, 0.08635664092414995
0.07989584760860628, 4.097867399433696, 0.9205662098387364, 0.07429057139271077
0.0763327394819789, 4.17666696633021, 0.9260175673688792, 0.08034185128967401
0.061943264355214474, 4.196613268867264, 0.939240867135374, 0.09525031072196292
0.09072221460874332, 4.10870193628084, 0.9125824475959324, 0.07923616572189135
0.073454844456626, 4.256283809064724, 0.9278610715687035, 0.09012782302207555
0.0737289296971358, 4.187373162051072, 0.9288569767563416, 0.0841421749676992
0.06824722488693984, 4.181897547402839, 0.9343852719511087, 0.08268868505181257
0.0760586542414691, 4.164611322039756, 0.9239383668985016, 0.07863116904477269
0.0948334932163903, 4.042126907491351, 0.9089550693926823, 0.07690455533509354
0.08510346717829245, 4.0867193738156615, 0.9149200103555379, 0.07930453014328888
0.08907770316568453, 4.037013678938228, 0.9118615000087129, 0.07416531455490717
0.07825133616554748, 4.036179858404463, 0.9207064456911401, 0.08105700877338701
0.08633685076058654, 4.093968350707268, 0.9169269106517989, 0.07649606770517187
0.08496642455803755, 4.038146253201967, 0.91806935236622, 0.07876490203580307
0.09222968343154721, 4.0064404974477785, 0.9098395903489059, 0.08022408634856722
0.08866657530491984, 4.041135630216177, 0.9129171475479572, 0.08438920763605334
0.08003289022886118, 4.141822661147209, 0.9235392364010835, 0.08301532453040916
0.08524050979854735, 4.054522908973877, 0.9178271003456959, 0.07729153560585528
0.09592983417842949, 4.035901185521789, 0.9059067123059634, 0.07654285850418192
0.08496642455803755, 4.036855994634013, 0.9171820946711539, 0.07710089624252174
0.08866657530491984, 4.101878002079705, 0.9138504589004586, 0.07641969801702808
0.08757023434288064, 4.073396518571223, 0.9122969748519073, 0.07493855602434481
0.08359599835548856, 4.114946644061458, 0.9192016653265529, 0.0808643335827426
0.08496642455803755, 4.1264224302381525, 0.9175102411341234, 0.08158517795158443
0.0740030149376456, 4.194218996470638, 0.9278279058373312, 0.08157561452044776
0.09497053583664519, 3.961781554848131, 0.9069555855528667, 0.07482776587753005
0.08866657530491984, 4.058563081494778, 0.9161782432650676, 0.0810687758137579
0.08537755241880225, 4.126007266643849, 0.91831793823335, 0.08089280116556735
0.10675620117856653, 3.96267298713063, 0.8965876680732738, 0.07785745989643862
0.10442647663423325, 3.927578597750356, 0.8973498726965632, 0.07469847594607373
0.10017815540633136, 3.9789640970126854, 0.9030360124210627, 0.07725788833920867
0.09003700150746882, 4.023948847863615, 0.9136666061682434, 0.07720560190779492
0.10524873235576264, 3.9796921327389545, 0.8984419128506318, 0.07926242581225612
0.10086336850760587, 3.9953041152135955, 0.9019413550017908, 0.08000982484903789
0.10045224064684116, 3.927192752240732, 0.9019922566582592, 0.07725640211106687
0.08578868027956695, 4.100819026017264, 0.917698885710582, 0.07990057251316894
0.08400712621625325, 4.158116379126598, 0.9202148363394318, 0.09255675574046679
0.08592572289982184, 4.055662846196036, 0.9182988306525691, 0.0788269616823559
0.09113334246950802, 4.108278866482055, 0.9134509466043085, 0.08274232658322571
0.009592983417842949, 4.60559375681125, 0.9902224059890227, 0.10516598114389222
0.007811429354529258, 4.603015054786664, 0.9922017099904934, 0.09833104013346276
0.012744963683705632, 4.602164468455514, 0.9866250887092776, 0.12876690890376377
0.010415239139372345, 4.596518810210006, 0.9902766133354364, 0.13210979828955632
0.014800602987529122, 4.595086383283735, 0.9842250321280908, 0.1030386065071372
0.015485816088803618, 4.621192219225661, 0.9839651118369122, 0.1523395491415963
0.015348773468548719, 4.6561327393583944, 0.98408415945596, 0.15077476501768325
0.023434288063587775, 4.727473524085002, 0.977700347161841, 0.12081263579680165
0.015485816088803618, 4.859422623204486, 0.9839651118369122, 0.1525157095310693
0.02069343565848979, 4.714404945228464, 0.9807755331590706, 0.10856535512409733
0.0185007537344114, 4.760204384878137, 0.9806750762092397, 0.15431189786888388
0.010963409620391941, 4.6811362451211185, 0.9902156657417841, 0.15513804236862774
0.017952583253391805, 4.7925759208713705, 0.9820970396738002, 0.13506464028306894
0.03398656982321502, 4.701674712950749, 0.9671933346593424, 0.10144407269483537
0.021652734000274086, 4.7686677200918055, 0.9805793631436256, 0.13242239340741105
0.02411950116486227, 4.686303747930444, 0.976855690390879, 0.13091615419901545
0.020145265177470194, 4.668691616377243, 0.980809826150127, 0.1256998765830484
0.026997396190215156, 4.673979032916926, 0.9736816118698374, 0.11096646132110503
0.02096752089899959, 4.761027707258969, 0.9797268192275994, 0.12840608634650091
0.027134438810470056, 4.610280510234689, 0.9750724657439699, 0.11182022152316223
0.029601205975058244, 4.548130969143868, 0.9715968600595972, 0.10889029433372115
0.04042757297519529, 4.485712362802795, 0.9615542021535997, 0.1016907378556958
0.04124982869672468, 4.492939276157445, 0.9613659247136659, 0.11008560175811588
0.036727422228313, 4.505050985784061, 0.9633731012234551, 0.09722590675034558
0.03439769768397972, 4.659943915628906, 0.9671030945524773, 0.11574417240871197
0.056324516924763604, 4.349118684863038, 0.9458315979321149, 0.08708802864601249
0.028093737152254352, 4.5902798221227945, 0.9740390693636611, 0.11636567853605888
0.04563519254488146, 4.350592692224755, 0.9570622309689033, 0.09522630905146678
0.05248732355762642, 4.364563118877257, 0.9514534109344334, 0.08998380874199224
0.0374126353295875, 4.531148868831067, 0.9639320297962054, 0.10339498500009736
0.05879128408935179, 4.317821234599424, 0.9441144006987375, 0.0835385377727973
0.04741674660819515, 4.437477745290356, 0.9551854805301215, 0.09535703625103359
0.05125393997533233, 4.331844092836703, 0.9495971546414402, 0.09706738654868569
0.043853638481567765, 4.372834640087062, 0.958480348215107, 0.10083465809202491
0.050431684253802934, 4.4667892265568145, 0.9520228760763758, 0.09306693375623074
0.0570097300260381, 4.478447300743792, 0.9461533099210853, 0.09203764947778438
0.05440592024119501, 4.307027579628149, 0.9451162110889318, 0.09789239519770737
0.05344662189941072, 4.34576424177467, 0.9492123938637426, 0.09338285041451312
0.061258051253939974, 4.274473262908149, 0.9410823097926223, 0.09748609486498683
0.06331369055776347, 4.195514876940193, 0.939081800785493, 0.08614890285276938
0.04029053035494039, 4.359211693369429, 0.958571538582503, 0.09276993678617028
0.061806221734959574, 4.248989488778905, 0.9374380649755436, 0.0843322140722219
0.04590927778539126, 4.338396556380352, 0.9526728574739106, 0.09823891054829526
0.06331369055776347, 4.291056419604932, 0.9358853760814712, 0.09265405902125362
0.06715088392490065, 4.200461473532926, 0.93606975840726, 0.09268600572811529
0.08537755241880225, 4.094159399791664, 0.9173913853541558, 0.07727300049087137
0.06797313964643004, 4.221935293977352, 0.9358121718186717, 0.07908078796290367
0.05426887762094011, 4.3113441398344055, 0.9476076743470863, 0.09492330036471092
0.06372481841852816, 4.2833036688299755, 0.9397645775402759, 0.0848660527611083
0.06276552007674387, 4.268716795437627, 0.9400016589050117, 0.09436215584837822
0.057694943127312596, 4.20286149349346, 0.9430343295505711, 0.09725712869626328
0.0763327394819789, 4.098267941666381, 0.9270186718521175, 0.08401293467574984
0.08071810333013567, 4.151247392439819, 0.9237557799515912, 0.07974298895398076
0.07194737563382211, 4.24460950911625, 0.9322294065742642, 0.08192451272552674
0.08003289022886118, 4.1254488319277, 0.92126908671225, 0.08387326912024141
0.0757845690009593, 4.1222394172077195, 0.9278963218527619, 0.08278864874243863
0.07646978210223379, 4.121033775850536, 0.9266515776970414, 0.07891070751779258
0.08249965739344936, 4.076164064006118, 0.9184533203351793, 0.0843632950219538
0.08222557215293956, 4.04172424340846, 0.9211300186243876, 0.08152855202318054
0.08085514595039058, 4.152373439272054, 0.9235649455654823, 0.07951677831888498
0.07359188707688091, 4.211944906768267, 0.9282236520156899, 0.08408924464025506
0.08441825407701795, 4.116781464370617, 0.917681442068536, 0.08511929090600505
0.08976291626695902, 4.049231074812707, 0.9152951152491579, 0.07744416629561048
0.08565163765931205, 4.134121363009756, 0.9186453295582652, 0.08095678347526553
0.09757434562148828, 4.014419108625143, 0.9048368549077432, 0.07931697458142314
0.09003700150746882, 4.030131806408492, 0.9134849261770072, 0.0799288181747454
0.09236672605180211, 4.060093438607365, 0.9129091037806998, 0.07550194512180967
0.08935178840619433, 4.079194851422843, 0.9153716106575703, 0.07688447688455394
0.08948883102644922, 4.0453870679085036, 0.9119622960189656, 0.08227548163340581
0.09305193915307661, 4.001967170752449, 0.9098330044697408, 0.07695844403896249
0.09181855557078251, 4.048348830434677, 0.9099085601420976, 0.07554300384097615
0.08112923119090037, 4.075149178684648, 0.9220332447320966, 0.07947875700268886
0.07304371659586131, 4.100205199169888, 0.928324784987847, 0.09269317324208627
0.09935589968480198, 3.9983684773214456, 0.9030161719743321, 0.07558043379120695
0.0941482801151158, 3.986651640061207, 0.91007792908775, 0.07618427840876119
0.08003289022886118, 4.103698053637057, 0.9215747541266908, 0.08370935646712847
0.08414416883650816, 4.074506905530763, 0.9182462081767697, 0.08088723760069697
0.09524462107715499, 3.976917109204201, 0.9061327918935059, 0.08066649434343677
0.09757434562148828, 3.9206835011415193, 0.9034783281786026, 0.079484694711331
0.08592572289982184, 4.021472488182186, 0.9144290954407326, 0.0792904991892761
0.09236672605180211, 4.076706668146835, 0.9094167888365101, 0.07701802294759454
0.08016993284911607, 4.129444457054531, 0.9247352508598154, 0.08985428303689039
0.09634096203919419, 3.9696912790988264, 0.9060853154640719, 0.07593813626984798
0.11059339454570372, 3.9517872163297643, 0.8923567702059614, 0.07224010270562313
0.10470056187474304, 3.9569877326137255, 0.8986187035112674, 0.07568556688442399
0.10922296834315472, 3.9404783974253217, 0.8926181918636515, 0.07405548280134658
0.1145676305330958, 3.904666443630426, 0.8883555066945539, 0.07278837111054973
0.10250787995066465, 3.9805606145866608, 0.9011564596569158, 0.07655091579909365
0.11155269288748801, 3.8888444434098384, 0.8933640438601627, 0.07056385312970206
0.08894066054542962, 3.9834994776078703, 0.9126388625434714, 0.08438497585962162
0.10250787995066465, 3.91109787004687, 0.8996287015779746, 0.07459181913260882
0.10209675208989996, 3.930472958426092, 0.9017487370866563, 0.0751426153937585
0.08291078525421407, 4.048213506114145, 0.9158408972028418, 0.08724984608943653
0.11114156502672332, 3.90966356674645, 0.8906557617798725, 0.07491802045694311
0.10415239139372345, 3.9457149360708232, 0.8983072555288204, 0.08240322912281009
0.10511168973550775, 3.980159749588738, 0.8976146236496843, 0.0789538980618748
0.10168562422913525, 3.934599786943747, 0.9028299846989062, 0.07944251638571015
0.07811429354529259, 4.180716924084463, 0.925898826116881, 0.08413476326850323
0.09771138824174318, 4.049285803639074, 0.9051948955194858, 0.07823807715096309
0.10661915855831164, 3.9535708452261065, 0.8948550386922779, 0.0777020087584105
0.09442236535562559, 3.9798543380518, 0.9064079753512564, 0.07985159351778522
0.01507468822803892, 4.6032732657345905, 0.985068053828967, 0.09377568346985805
0.01699328491160751, 4.601077786958331, 0.9823414216272899, 0.10134596712186332
0.017815540633136905, 4.598050014309742, 0.9822625152434415, 0.13013839730958918
0.015348773468548719, 4.594509433977928, 0.9852839227547158, 0.13301995612402326
0.015485816088803618, 4.593589253077298, 0.9832337704176116, 0.1339109089512117
0.00945594079758805, 4.623998868754584, 0.9899860471881522, 0.15251537622427452
0.011648622721666438, 4.763174086151604, 0.9890856034976392, 0.1535902729345245
0.022474989721803482, 4.720674543294479, 0.9775704963572042, 0.11494091417072932
0.019460052076195698, 4.823949192523368, 0.9812386967636687, 0.1321325939946756
0.012607921063450734, 4.757862023887723, 0.9880023804583726, 0.13611031841287366
0.014663560367274222, 4.764120475844322, 0.9859875511641405, 0.13226192213951446
0.02041935041797999, 4.7415945250905995, 0.9796116593444036, 0.1173421503214866
0.011648622721666438, 4.729467468195065, 0.9875348218966141, 0.13779112770064394
0.018089625873646705, 4.803425359647536, 0.9829694419468769, 0.1364214675172686
0.03151980265862683, 4.72105470728969, 0.9700850251582886, 0.12891422431971603
0.029053035494038645, 4.791464989848932, 0.9702452540043704, 0.10270002724768461
0.016582157050842813, 4.8189778842222895, 0.9838451984723463, 0.13493937391111474
0.02316020282307798, 4.636130613938936, 0.9762843767214568, 0.09662459565440079
0.015622858709058517, 4.661826984905553, 0.985282820847513, 0.12251343520039003
0.023571330683842675, 4.726420517831661, 0.9757278113438191, 0.12902697241282857
0.032205015759901326, 4.603252096406169, 0.9664498428813013, 0.12091913112134263
0.027271481430724956, 4.5979540489856, 0.9732679804661092, 0.11181333655383899
0.021378648759764286, 4.563475533872659, 0.9793679924438357, 0.12359190695300808
0.02658626832945046, 4.600540624573833, 0.971627155441379, 0.12767226769158393
0.019597094696450598, 4.6837616846531045, 0.9800526223061525, 0.1280779580087873
0.028093737152254352, 4.603605359780457, 0.9729493518683432, 0.10473051437297612
0.04686857612717555, 4.455842120591559, 0.9527884637894668, 0.09456214674414673
0.05084281211456763, 4.417834622640716, 0.9491163552106439, 0.0990586985862876
0.04234616965876387, 4.458428650926985, 0.9582587892488758, 0.09903111576576488
0.04851308757023434, 4.452199421632089, 0.952272226749209, 0.09987503927679786
0.043853638481567765, 4.433079036307756, 0.9584607905550816, 0.09838579965140654
0.06701384130464574, 4.312351161884383, 0.9313902867641562, 0.08914697931686505
0.044812936823352065, 4.308763887517269, 0.9570201108703082, 0.09845720586674263
0.05399479238043031, 4.273719258286846, 0.9457943019718238, 0.08574975853413988
0.05440592024119501, 4.325842364775052, 0.9439964211726952, 0.09251270614626816
0.05125393997533233, 4.309207830426463, 0.9477051371465605, 0.08988584911024143
0.056187474304508704, 4.330109518228107, 0.9430845992894341, 0.10472438443083769
0.05495409072221461, 4.269343302448236, 0.9469635829863166, 0.0885957755637064
0.05221323831711663, 4.263387849955946, 0.9474867378670847, 0.0872212590605442
0.05180211045635193, 4.33141316135109, 0.9499623819265378, 0.08998649020693035
0.05810607098807729, 4.239567678987906, 0.943639544555881, 0.09600307848247734
0.06578045772235165, 4.217266380582687, 0.9342669763025592, 0.08150135697807098
0.049472385912018635, 4.2586371149447615, 0.9530328665136824, 0.09632792606212119
0.04577223516513636, 4.242518690460035, 0.955611641680104, 0.08888733332043623
0.061669179114704674, 4.201959203526927, 0.9414589252581095, 0.08357499756514422
0.06523228724133205, 4.2253175250337405, 0.9371739264941092, 0.08338729721680924
0.05495409072221461, 4.397498063654283, 0.9486201618585626, 0.09205959022579054
0.05426887762094011, 4.308824045618577, 0.9450083749875556, 0.08789651049329433
0.07030286419076333, 4.188716613741563, 0.9299791375341016, 0.07799212157784935
0.06523228724133205, 4.195697221295938, 0.9346491437402494, 0.07964764580536932
0.056461559545018504, 4.225281177031695, 0.9422333131542847, 0.09339425519127026
0.07414005755790051, 4.17072878083873, 0.9245188593068961, 0.08054553093374228
0.07646978210223379, 4.169087468131987, 0.924472020612254, 0.08554294347188598
0.0766068247224887, 4.214708266387953, 0.9247477715650498, 0.0830574073116921
0.0742771001781554, 4.1159492305195196, 0.927173002825, 0.07919865043217068
0.07126216253254762, 4.173899858801989, 0.931407131049589, 0.08391153532606183
0.056050431684253804, 4.285413075623912, 0.9445836961192093, 0.08932304319368693
0.05975058243113608, 4.36571582129545, 0.9407037966553529, 0.10208416235463705
0.08784431958339044, 4.041155829206793, 0.9145652293974861, 0.07767202129557534
0.05440592024119501, 4.251045078843754, 0.95005876665253, 0.08994502651159003
0.08003289022886118, 4.213471035904568, 0.923575328465069, 0.07780135957586429
0.06605454296286145, 4.181221161016752, 0.9354107531754068, 0.08595839499334543
0.06495820200082225, 4.216753160984561, 0.9378501155538421, 0.08552084551557225
0.08441825407701795, 4.089645486343915, 0.9132195818853097, 0.07680612944350565
0.08195148691242976, 4.068730633569545, 0.918989491432652, 0.07930783418726038
0.07331780183637111, 4.137437481152876, 0.9266619116507728, 0.0805591129823327
0.08003289022886118, 4.088175096805249, 0.9216739989363147, 0.08021778125206377
0.08112923119090037, 4.122549383366159, 0.9187446187383417, 0.07820533764878576
0.06070988077292038, 4.2778679909600905, 0.9414214153307369, 0.09044566119468297
0.08277374263395916, 4.067175007959384, 0.9190182965232014, 0.07931884422740108
0.0756475263807044, 4.135646705433361, 0.9271127795614243, 0.08171864057983155
0.08400712621625325, 4.099981274983157, 0.9185685898493197, 0.0784538792154279
0.07770316568452788, 4.107939428934842, 0.9258535444928482, 0.08274498444338661
0.09085925722899822, 4.024689304611365, 0.9101435079630721, 0.07824350835863692
0.07907359188707688, 4.091868545578754, 0.9213440376058538, 0.08976824536275131
0.061532136494449774, 4.161900178788541, 0.9388202593104412, 0.08860603912745614
0.09031108674797862, 4.065912337373083, 0.9093390189263166, 0.0773908197464504
0.0749623132794299, 4.1474444463479445, 0.926471307525081, 0.08743694334715482
0.08249965739344936, 4.095450263799699, 0.9195273430243315, 0.08303516936035776
0.08085514595039058, 4.1089093394049625, 0.9218217338831903, 0.07920155314976116
0.08428121145676305, 4.064038826992238, 0.9144927116715721, 0.08298596087621331
0.09058517198848842, 4.088509713229503, 0.9114065923912388, 0.07638135644532049
0.09305193915307661, 3.996173097905319, 0.9095011590650129, 0.07888771294631611
0.09976702754556667, 3.99570524181195, 0.9024838854387454, 0.07500025736662325
0.10004111278607647, 4.017623395940711, 0.9029850929615465, 0.07836124799422504
0.08798136220364533, 4.040684537722899, 0.91167811794445, 0.08425175469073415
0.08482938193778265, 4.074475378847717, 0.9142847533416739, 0.0857271303492644
0.10346717829244895, 3.978422329166711, 0.899381315012332, 0.0754212866977006
0.10113745374811567, 3.9308646716727806, 0.9001816337566908, 0.07731330215184289
0.10004111278607647, 3.98929722967157, 0.9038317225350597, 0.07787433330546027
0.09702617514046868, 3.9663139433505945, 0.903709921068113, 0.07989016270824244
0.09305193915307661, 4.009842198450826, 0.9092537006882996, 0.07568544557414918
0.10017815540633136, 3.9778487038674446, 0.9017372016311123, 0.07344579548738499
0.08592572289982184, 4.1321938873252195, 0.9145032284120365, 0.08325821028107479
0.09620391941893928, 4.001778382168284, 0.9047224324398667, 0.07705081082929484
0.08167740167191996, 4.078745132180718, 0.9170180379463566, 0.0921705350737408
0.0936001096340962, 4.063908753630983, 0.9061363175240679, 0.07770007475786105
0.10168562422913525, 3.9923597920409812, 0.9005372808066415, 0.0796533875699173
0.0945594079758805, 4.028041906514951, 0.9074204116232863, 0.07661432122510183
0.09716321776072359, 4.047230664942385, 0.9062189741406946, 0.0771631748451947
0.10195970946964505, 4.030751511971232, 0.9000836805462771, 0.08281992084081409
0.010826367000137043, 4.605564180099426, 0.9883708588182425, 0.10927814041065907
0.01329313416472523, 4.603422590848827, 0.9863573323525232, 0.10303370170614434
0.012470878443195834, 4.60064849386938, 0.9884838032592768, 0.13360208379825894
0.017815540633136905, 4.591850914170322, 0.9820258607615613, 0.13123996332340832
0.01151158010141154, 4.628363725435608, 0.9885820159883895, 0.13742749897255918
0.023297245443332875, 4.653786126074439, 0.9757495473170059, 0.11899946556872809
0.02274907496231328, 4.790077495071779, 0.9754108519795698, 0.1288716083549021
0.0189118815951761, 4.7305221392615975, 0.9816920862591875, 0.15443890643200706
0.009867068658352747, 4.745340616323694, 0.9905205224836827, 0.14433147227026777
0.020008222557215294, 4.746721578850001, 0.9809394114141478, 0.12531846401348448
0.0186377963546663, 4.748339984487863, 0.9806415600850096, 0.1244074062082422
0.016033986569823216, 4.823482434194481, 0.9831324299113315, 0.1353467368107281
0.02316020282307798, 4.754955809427089, 0.9765881276120697, 0.10521622097084504
0.02672331094970536, 4.74786219100879, 0.9747233343123045, 0.12662637459727938
0.01151158010141154, 4.857947515856489, 0.9879309557082661, 0.15416512393035744
0.019185966835685898, 4.774699398568514, 0.9824895207321847, 0.1396139668819103
0.02453062902562697, 4.616847205982153, 0.9773961852200734, 0.134339171736129
0.025352884747156367, 4.630927723401929, 0.975477500984474, 0.11395778513122785
0.03453474030423462, 4.617862004228727, 0.9677398132462574, 0.1072651552236702
0.02617514046868576, 4.544381513519778, 0.9737619997511328, 0.11059854387218461
0.04056461559545019, 4.593943346881435, 0.959345625151882, 0.09972207894295469
0.019185966835685898, 4.632840095717106, 0.9800218348089581, 0.11448038206791755
0.039194189392901195, 4.527702020327816, 0.9624729764219967, 0.11256007284884557
0.04330546800054817, 4.476449736343829, 0.9595921760772141, 0.09897161094002942
0.055502261203234204, 4.377736724989699, 0.9462243192536736, 0.08975791478023608
0.03946827463341099, 4.438518314634723, 0.9626091211730703, 0.1060402926952985
0.04782787446895985, 4.430924990707446, 0.9540145258310049, 0.09550170587938757
0.04207208441825408, 4.443571076191205, 0.9599679520719916, 0.10649629927112488
0.05084281211456763, 4.37289897072588, 0.9479621812158474, 0.09468293463098823
0.05097985473482253, 4.3757253409379535, 0.9493355706787253, 0.0986634844295852
0.05481704810195971, 4.389673437633726, 0.9457952497365913, 0.09440485613053091
0.056187474304508704, 4.334002454329537, 0.9473567692593834, 0.08679454903651214
0.05975058243113608, 4.347731361589122, 0.943736131736484, 0.0899629320733949
0.062217349595724274, 4.263142231344866, 0.9417813503920578, 0.08624328763071616
0.050431684253802934, 4.278137817993153, 0.952929971236946, 0.08623205020697725
0.05947649719062628, 4.2808433426591295, 0.942021339090309, 0.08493140665149897
0.0572838152665479, 4.426256949858779, 0.9448990868124473, 0.09079786503516135
0.05947649719062628, 4.3289885206289185, 0.9421655165072429, 0.09109411409137094
0.06591750034260654, 4.25514834754121, 0.9351619759665827, 0.08694681998735534
0.07181033301356722, 4.213742639424786, 0.9326833486996187, 0.08244669655129057
0.07592161162121419, 4.239227443422964, 0.9258259361045486, 0.07888145828498748
0.061532136494449774, 4.271599966237786, 0.9412763926672129, 0.08569012330066426
0.05248732355762642, 4.411642532879904, 0.95191096197247, 0.10023293745227958
0.06660271344388105, 4.26466351374218, 0.9375460918932194, 0.08723726181076678
0.07016582157050842, 4.176921962433782, 0.9342453384597375, 0.0854070959906619
0.07043990681101822, 4.189945761269048, 0.9303447196877286, 0.08597912970668327
0.06879539536795944, 4.238959642376036, 0.9332898013297612, 0.09242821647184916
0.07866246402631219, 4.125004662182685, 0.9236327594208571, 0.07763465812314962
0.06756201178566534, 4.202792756538187, 0.9321460367311769, 0.08852053712864894
0.06509524462107716, 4.169368556873332, 0.9383018276262276, 0.08871276170383952
0.09168151295052761, 4.0654907281454, 0.9095293854574245, 0.07741736562766585
0.05399479238043031, 4.304728268907219, 0.9454278217368018, 0.09316224135347331
0.08030697546937098, 4.153236135858795, 0.9229575285197464, 0.07916717449345899
0.05084281211456763, 4.1950184876451235, 0.9508898341376535, 0.1079341788856469
0.07194737563382211, 4.146031127852317, 0.9322660187969042, 0.081233068843301
0.07825133616554748, 4.130830847989929, 0.9247871543932924, 0.0853601641933555
0.07756612306427299, 4.168044148625879, 0.9260996963047501, 0.07895690149250253
0.0740030149376456, 4.210296814386463, 0.9297879879537544, 0.0823378181817648
0.08058106070988078, 4.099982215718764, 0.9237573451038262, 0.08278834494326098
0.0763327394819789, 4.150901351478862, 0.9264524004192595, 0.08157890425384226
0.07359188707688091, 4.05936424918774, 0.9267101040335382, 0.08790320739045274
0.06893243798821433, 4.118088475838089, 0.9351160420966177, 0.08631960323594885
0.09579279155817459, 3.996988911162799, 0.9074419117843883, 0.07321163113610109
0.07290667397560642, 4.254360770760979, 0.9265709698796837, 0.08469151427660843
0.07139920515280253, 4.152423714454392, 0.9276667644220928, 0.08625710227259281
0.08619980814033164, 4.049693462569958, 0.9154341175603232, 0.08165583417518496
0.08715910648211594, 4.0117599448227175, 0.9162372818266165, 0.07488680101846766
0.07592161162121419, 4.137631405734584, 0.9270701642293873, 0.08316253691574266
0.06975469370974373, 4.211241371389511, 0.9334341306651379, 0.08006800210277526
0.08112923119090037, 4.062653899862617, 0.9226680676323008, 0.0787036076917234
0.0756475263807044, 4.173976349049731, 0.9274751851504347, 0.08313374317440872
0.08373304097574345, 4.10144740267128, 0.9184669158978336, 0.07727579601437135
0.0742771001781554, 4.190806413294763, 0.9270701918343873, 0.08582154366446092
0.07770316568452788, 4.112913844192357, 0.9228845591107347, 0.07733867316856319
0.08263670001370427, 3.992779627750716, 0.9221465123150813, 0.0824551095940617
0.08112923119090037, 4.029537841001733, 0.9224505814413136, 0.07927021280669728
0.07825133616554748, 4.050050225766927, 0.9259195357939233, 0.07890981757455544
0.08428121145676305, 4.051013973325479, 0.9204516729481811, 0.07734479986482427
0.08565163765931205, 4.0324211409766, 0.9188541451223392, 0.0805856274958181
0.07167329039331231, 4.1196591219575955, 0.9311967442981036, 0.09290692166833889
0.09743730300123338, 3.9722529778958218, 0.9047362571626203, 0.07453790852625038
0.08387008359599836, 4.023787816714077, 0.9151740428573588, 0.08376179875921949
0.09236672605180211, 4.064333699101436, 0.9115454061368164, 0.0803243482475707
0.09154447033027271, 4.018721667547593, 0.9104465539771442, 0.07629308573944296
0.09277785391256681, 4.002692472939624, 0.9113644661617037, 0.07566970580904755
0.08962587364670413, 3.9925282868650234, 0.9125516989098162, 0.08212727485246038
0.08510346717829245, 4.025494065597742, 0.9182768958399663, 0.07674646660826967
0.09072221460874332, 3.9836387501622905, 0.911485730254277, 0.07818696912675767
0.08962587364670413, 3.983120214649957, 0.912590423449688, 0.07982503836527038
0.08935178840619433, 4.042484916480123, 0.9131528327535016, 0.08059932169190519
0.10552281759627244, 3.935266285852911, 0.8989383068962785, 0.07315405552864941
0.07770316568452788, 4.139282608956886, 0.9238703712725305, 0.09226660865126533
0.09154447033027271, 3.947878586865295, 0.9102256103375175, 0.0753559472710041
0.08537755241880225, 4.0530472768893615, 0.9174283975195313, 0.08100187168112388
0.08798136220364533, 4.06753122474913, 0.9121254504360264, 0.08108972745190689
0.10182266684939016, 3.9198809739774556, 0.8996526863880195, 0.07523448783580383
0.08044401808962587, 4.1087676924647605, 0.921218725422079, 0.08474123010982325
0.10086336850760587, 3.917083963753835, 0.9026708023976947, 0.0741407155647928
0.10264492257091956, 3.979225402566461, 0.9005364490508632, 0.07579462060860065
0.0942853227353707, 4.05190157798834, 0.908967282470671, 0.08044964300111782
0.09606687679868439, 3.9811682243681745, 0.9056163412252691, 0.0767338360160983
0.006989173632999863, 4.607925716092754, 0.9930987605701697, 0.08763749028872113
0.009867068658352747, 4.60669637709852, 0.9895001434073724, 0.10618252552276976
0.011100452240646841, 4.60602231690275, 0.9881832145801668, 0.13045029019590015
0.01151158010141154, 4.601568398940264, 0.9880450292453361, 0.12761159165344071
0.015622858709058517, 4.605668766426358, 0.9847764977215503, 0.1480818826630308
0.01685624229135261, 4.670262471345805, 0.9825769261516234, 0.14168052243725898
0.012607921063450734, 4.691970903284994, 0.9861179811138209, 0.13124511489147164
0.01137453748115664, 4.782167562935897, 0.9877632249549155, 0.15390512333052503
0.01137453748115664, 4.935585494823647, 0.9877632249549155, 0.15484164930759928
0.008633685076058654, 4.805537361044647, 0.9907526303126302, 0.15439948607094003
0.01151158010141154, 4.843387323617119, 0.9876032249549156, 0.15079764283307087
0.021652734000274086, 4.760844930387677, 0.9772069038706067, 0.13618665471605604
0.012744963683705632, 4.720473979227474, 0.9883058680292818, 0.12496874366691973
0.0183637111141565, 4.768873896160337, 0.9807153204563793, 0.14071206166081926
0.02096752089899959, 4.8220332079233, 0.9795451739731343, 0.1309500998592448
0.022200904481293682, 4.699307736230416, 0.980049540182746, 0.1273047401120059
0.023571330683842675, 4.665411931023918, 0.9771217072635109, 0.1275415262720758
0.01493764560778402, 4.763509180866987, 0.9845716416198228, 0.15373339996168986
0.012059750582431136, 4.922831869197248, 0.9891126540297347, 0.14876015298740194
0.019460052076195698, 4.676208601106401, 0.9813243558682926, 0.14033490976839022
0.033164314101685625, 4.608789270440732, 0.9701793935387351, 0.10553616227548213
0.03960531725366589, 4.6441969509171805, 0.9601893283029659, 0.10181086685178423
0.02439358640537207, 4.6169671228818405, 0.9771967378965207, 0.12103604359957332
0.038646018911881595, 4.618289002526602, 0.9598857916315537, 0.10594953090846125
0.03398656982321502, 4.551596924395076, 0.9677201112016871, 0.09376069328766085
0.04220912703850897, 4.47494325406489, 0.9585590791900337, 0.0941897784030244
0.05111689735507743, 4.411335275665577, 0.9507193816661119, 0.09000056649609212
0.04632040564615596, 4.502122989856855, 0.954361730121195, 0.09463533768137213
0.057831985747567496, 4.32796182419415, 0.9440017199589567, 0.08751062170445943
0.04590927778539126, 4.500029123742662, 0.95698053663581, 0.08693971061097554
0.049472385912018635, 4.355794181819809, 0.9526565455263605, 0.09575528421273008
0.050568726874057834, 4.439931805973202, 0.9492668465364791, 0.09711506850001557
0.05152802521584213, 4.460889967137761, 0.9508916434339691, 0.09514735546390578
0.05481704810195971, 4.35768779176579, 0.9459833930061328, 0.08458754306142882
0.055091133342469505, 4.3404782012143786, 0.9480166810388659, 0.09241893325939506
0.05988762505139098, 4.298037611100222, 0.940422561387041, 0.08247392733889036
0.05276140879813622, 4.386713441208616, 0.9498797003033694, 0.0890423993250677
0.061943264355214474, 4.261501668854512, 0.9403771618011791, 0.08138465693340162
0.05824311360833219, 4.288410101424378, 0.9449471202114331, 0.08288216444215141
0.07249554611484171, 4.282688302668347, 0.9286993410656015, 0.08105279105156672
0.04549814992462656, 4.408118350678672, 0.955314695447257, 0.10785548705703542
0.061806221734959574, 4.363233217527168, 0.9383963714333398, 0.08918568492031728
0.0731807592161162, 4.265102483874333, 0.9298027023808156, 0.08066002256835417
0.050705769494312734, 4.390826577109083, 0.9534428356291204, 0.094522336026357
0.0574208578868028, 4.245944322486993, 0.9435461027566034, 0.08790107431495178
0.0565986021652734, 4.218234388015034, 0.9437007846372124, 0.09202940107934204
0.055913389063998904, 4.30715103588546, 0.9461448870165848, 0.09172636375219718
0.04769083184870495, 4.274399255373159, 0.9529146765701231, 0.08918099108991394
0.05097985473482253, 4.408124041161963, 0.951259905241508, 0.09332712618992525
0.05975058243113608, 4.250732559920566, 0.941352476609662, 0.08432639812655701
0.05207619569686173, 4.297895673792608, 0.9487495136668184, 0.09360358681890858
0.06002466767164588, 4.255305065869534, 0.9421734644033586, 0.08606974714977145
0.06975469370974373, 4.211816703552773, 0.9328117354069023, 0.08125207775436394
0.07249554611484171, 4.178809043134878, 0.9274862328080253, 0.08196704623354632
0.05879128408935179, 4.332229348948937, 0.9421056503740215, 0.09547755948207257
0.061943264355214474, 4.220145169685879, 0.9376918102821178, 0.09704072936182007
0.07619569686172399, 4.26677039542949, 0.9257221793488263, 0.07904400813921955
0.07838837878580239, 4.252194015983361, 0.9207779610317297, 0.08073328562716661
0.06865835274770454, 4.228420935706993, 0.9323987966136643, 0.08992543954906909
0.08016993284911607, 4.098539734500981, 0.9221261070487585, 0.07917351127947396
0.07811429354529259, 4.119787081408308, 0.9242645329346179, 0.07777290687212582
0.05947649719062628, 4.377377193088774, 0.942965839980628, 0.08839846113127603
0.08222557215293956, 4.104305629095052, 0.9210378522842898, 0.08177975061137278
0.08510346717829245, 4.189892215697393, 0.9178636854733645, 0.07759247586045084
0.05947649719062628, 4.327752014537601, 0.9426854475776344, 0.09684613318735207
0.08058106070988078, 4.08144936436445, 0.9209432042410279, 0.07864548404367895
0.07359188707688091, 4.093686825202821, 0.9283627574788562, 0.08401871686668687
0.07619569686172399, 4.1912831953000875, 0.924701992921301, 0.0809581133626595
0.0750993558996848, 4.153017448189652, 0.9239189861697129, 0.08419861110275015
0.07770316568452788, 4.174408444610706, 0.9235701257895118, 0.0801407917139251
0.07276963135535151, 4.1326089075073345, 0.9304363457406349, 0.08674238248231239
0.09140742771001782, 4.0567707063009175, 0.9101094733904566, 0.07599707025201136
0.06769905440592024, 4.21209153031852, 0.9319332484864583, 0.08564445322823719
0.08825544744415513, 4.045103260984613, 0.9161202145415207, 0.07941504477272723
0.08112923119090037, 4.121431914097285, 0.9213645687188784, 0.08341377242730642
0.07825133616554748, 4.156859704071616, 0.9250016698962394, 0.08172362263222496
0.08167740167191996, 4.115056455878667, 0.9167684278869399, 0.08438618864092776
0.08291078525421407, 4.096866674450664, 0.9196904288218011, 0.07909849401644863
0.08400712621625325, 4.077349900676564, 0.913903212632771, 0.07920330605044121
0.09661504727970399, 4.040129948788772, 0.9023957852585851, 0.07406920709215119
0.09181855557078251, 4.0413557603879715, 0.9119419248784797, 0.07714872623012504
0.08414416883650816, 4.084297090748393, 0.9188295603340246, 0.08432042538818646
0.09743730300123338, 4.003201529671594, 0.9038292125991303, 0.07910747873608077
0.09962998492531178, 3.9605928733934683, 0.9003839562728737, 0.07494641232240862
0.09168151295052761, 4.016550766011861, 0.9092661224156278, 0.07620731610448483
0.08674797862135124, 4.057355245139577, 0.9125250089743301, 0.07858223736965725
0.10195970946964505, 4.005527667351025, 0.898323758180997, 0.07507737042706392
0.09003700150746882, 4.013226923851733, 0.9115276511597256, 0.08761321948300013
0.08757023434288064, 3.968076606964565, 0.9131762020351338, 0.07553016896684958
0.10346717829244895, 3.9324198382773496, 0.8989184143906063, 0.07677522143179737
0.09277785391256681, 3.9488711911259373, 0.909494213999978, 0.08069314105316172
0.09072221460874332, 4.001507866924979, 0.9127925862635258, 0.08029210104614931
0.10209675208989996, 3.973937459558563, 0.8971699805082409, 0.07708798689781511
0.10785254214060573, 3.927128043226368, 0.8934963461211435, 0.07308222808614051
0.10182266684939016, 3.9659854435293385, 0.9033545467319314, 0.07584096440382622
0.08866657530491984, 3.9677532415480194, 0.91469145755054, 0.08010834324873414
0.0940112374948609, 3.9909440155011, 0.9106574646452019, 0.08071840135616873
0.08811840482390024, 4.010438535022984, 0.9153151836496848, 0.08109541401725248
0.08907770316568453, 3.9935149205160645, 0.9139189412569345, 0.0778068624440377
0.08578868027956695, 3.9898629941498562, 0.9164784479430763, 0.0780630038402303
0.08894066054542962, 3.936513073202256, 0.910472333071915, 0.07714264257054973
0.010278196519117445, 4.605431097508196, 0.989914310628119, 0.11194719696359645
0.012882006303960532, 4.6036374351006915, 0.9878607654769173, 0.11430366227753629
0.01137453748115664, 4.601125459499811, 0.9884773387415159, 0.12344856472385189
0.009730026038097849, 4.598525567725862, 0.9894498232030496, 0.15041698031068196
0.015896943949568317, 4.610920312683338, 0.9845068898784131, 0.1537245942592146
0.008770727696313553, 4.728104436725921, 0.9917131387452376, 0.1545631027749007
0.015896943949568317, 4.696605287873126, 0.9845068898784131, 0.15369484108424641
0.01740441277237221, 4.7245091653873255, 0.9843439072868746, 0.15440184946289842
0.02096752089899959, 4.894258983791634, 0.9806208442731175, 0.13475602104680787
0.021378648759764286, 4.834493289144787, 0.9788439055724609, 0.12861264408923836
0.020008222557215294, 4.739044092772218, 0.9791335984785988, 0.11275308042647848
0.011922707962176237, 4.744310681290932, 0.9858038015366546, 0.13391165391900894
0.032205015759901326, 4.826229659632427, 0.9682734069216028, 0.10694526958775356
0.019323009455940798, 4.723082407347157, 0.9802479905769336, 0.14064043010052474
0.023845415924352475, 4.664249962415535, 0.9770817182908604, 0.11471940837678829
0.030423461696587637, 4.6982973520112425, 0.9699406723711431, 0.10531810457577072
0.028230779772509252, 4.715391620178819, 0.971900616103802, 0.09748118501281587
0.022474989721803482, 4.837201268375288, 0.977910395970605, 0.14015544044337871
0.01699328491160751, 4.78743163758767, 0.9830157419900151, 0.14553211965977605
0.026860353569960256, 4.680521177007218, 0.9701762849622493, 0.10942580233175027
0.017678498012882005, 4.655456027380812, 0.9828834582006953, 0.1494360518053207
0.027819651911744552, 4.620701486547794, 0.9732219865190929, 0.102177503416469
0.04549814992462656, 4.602882009835313, 0.954601204992061, 0.10216819960353302
0.03165684527888173, 4.608338106392474, 0.9696563280915989, 0.0998765588628772
0.037960805810607096, 4.636384234161136, 0.9626995071639797, 0.10093307416696984
0.033027271481430726, 4.564408247742373, 0.9676186079447413, 0.10563299223584594
0.030834589557352337, 4.533236289295544, 0.9706380754663019, 0.10014007289632511
0.03645333698780321, 4.526722205278236, 0.9629115482895659, 0.11115956402277599
0.03645333698780321, 4.43900306930244, 0.9625037003861217, 0.10809636032482095
0.038783061532136495, 4.4349693787723625, 0.9634331295476386, 0.11603296043311247
0.03987940249417569, 4.397474823544348, 0.9616857600251185, 0.09647875159895816
0.04741674660819515, 4.4472589304271715, 0.9524973696483835, 0.09178764291775438
0.04604632040564616, 4.434868300697878, 0.9565573599514501, 0.10351579855904662
0.06317664793750856, 4.353084606161767, 0.939732433731498, 0.08509367145892394
0.04769083184870495, 4.441994896911343, 0.9551343885817271, 0.10075486350230213
0.056187474304508704, 4.358731819208769, 0.9481976538565973, 0.08878578319707559
0.06578045772235165, 4.357864888184558, 0.9369342154695621, 0.08426352586134682
0.06413594627929287, 4.332678063497064, 0.9380450398651929, 0.08549294585128239
0.06276552007674387, 4.3640543387755315, 0.9375572873322666, 0.08700487188797011
0.05810607098807729, 4.389725843586137, 0.9420577610446066, 0.0915121337743709
0.06276552007674387, 4.256770137435559, 0.9382254049614761, 0.08623642459325831
0.05988762505139098, 4.341023161833754, 0.9404723786354728, 0.08762556735769016
0.05426887762094011, 4.3820625067378, 0.9457066781389706, 0.09127848673372638
0.05152802521584213, 4.306716651087903, 0.9467121893462671, 0.09262436010694142
0.05358366451966562, 4.357549355326409, 0.9488154435589632, 0.09098537371956353
0.07290667397560642, 4.256647692619325, 0.9285665744416902, 0.08094630135539777
0.04919830067150884, 4.567821306383118, 0.9499927968262948, 0.09827592414625673
0.06536932986158696, 4.325636436600416, 0.9368231325829818, 0.08767144061239433
0.07592161162121419, 4.1929437062896175, 0.9275513710826278, 0.0796684919494934
0.06934356584897904, 4.311469123872222, 0.9314902235803301, 0.08501971827077828
0.06564341510209676, 4.189050906060967, 0.9379478530054992, 0.08214598878670223
0.06262847745648897, 4.252187193828657, 0.9371244207217693, 0.0957544042140953
0.07811429354529259, 4.133704927615536, 0.9208280927596991, 0.08307611826936917
0.06441003151980265, 4.214215740302139, 0.9362708144777077, 0.08847104808544753
0.06619158558311634, 4.233212710570452, 0.9363186143843981, 0.08635990677833146
0.06893243798821433, 4.362847053189465, 0.9334765477176674, 0.08734652415905993
0.0755104837604495, 4.129891061776302, 0.9252050662455837, 0.08263415255624512
0.04344251062080307, 4.2726023395829, 0.9548746193093623, 0.10438138157782079
0.0746882280389201, 4.155448619676025, 0.9295893099396486, 0.07962526790798648
0.08455529669727285, 4.124996161679789, 0.9164283648014282, 0.07703729026228323
0.07921063450733178, 4.101619491597406, 0.9205180972814044, 0.08320902162544418
0.06756201178566534, 4.291144280363733, 0.9318056847286194, 0.08962977735169592
