acuracia,loss,frr,fpr
0.07305577376276512, 2.3088524467730647
0.10473946059177795, 2.352331920485858, 0.8146868429564067, 0.4263382771046966
0.21340665095574757, 3.2428527601602006, 0.8951748574820876, 0.44165477169104034
0.13223356899711966, 3.1431446555850786, 0.9203186525681227, 0.4293861495457628
0.13275726630007856, 2.812840644434436, 0.9188480643328287, 0.4256119930095097
0.13275726630007856, 3.275396737800599, 0.9188480643328287, 0.4232664857762479
0.135375752814873, 2.3120139567624953, 0.9171262132516522, 0.42565116912627615
0.17255826132495417, 2.27174044083771, 0.8509452083018967, 0.3826683399548865
0.1953390940036659, 2.4295522218054355, 0.8671438970635356, 0.3267951731965491
0.346687614558785, 2.2323253858026373, 0.8036941567931685, 0.288558361481904
0.2555642838439382, 2.32816802387042, 0.7434749681036837, 0.2470823875517491
