acuracia,loss,frr,fpr
0.07305577376276512, 2.3080586235883445
0.2869861220214716, 2.3498112840407743, 0.7383686051222791, 0.2916359429388581
0.14035087719298245, 2.387399438352103, 0.7412503933250049, 0.2921524398767196
0.17936632626341975, 4.071772918389961, 0.7912428874179758, 0.29223752459849284
0.16234616391725581, 2.23561478193345, 0.839990169419439, 0.4113201547938852
0.18879287771667977, 4.178109962103972, 0.7716761139894845, 0.27074084819560235
0.18355590468709085, 2.9589312082948127, 0.7837752587727724, 0.28908013837023144
0.3087195600942655, 1.9076311635967949, 0.7880958977538551, 0.2880765442103367
0.38360827441738676, 1.6884215532266273, 0.7405399713670681, 0.2845852845021705
0.474993453783713, 1.4957913044595257, 0.6101662119935441, 0.2537030033173907
0.22178580780308982, 2.412599816905814, 0.7549480336252399, 0.2653404347066337
