acuracia,loss,frr,fpr
0.07305577376276512, 2.3088524467730647
0.21262110500130924, 2.5795946507016607, 0.8999455533561781, 0.43104725928715404
0.21262110500130924, 2.8786345492306, 0.8999455533561781, 0.42493789000108545
0.21942916993977482, 2.7602914380964148, 0.893939383830813, 0.42157799206201857
0.2665619272060749, 2.9412669528348, 0.852397222755479, 0.3851369629253602
0.34642576590730556, 2.121581225378383, 0.7940431600785852, 0.2635544837192395
0.32521602513747055, 2.360403377773007, 0.8059690022032404, 0.29531929148664493
0.31474207907829277, 2.816637944056434, 0.8113289091285287, 0.316128382035194
0.45902068604346685, 1.6551044446923746, 0.6916112874877333, 0.2197107734845886
0.46975648075412413, 1.6126620149276034, 0.6819505092732452, 0.21927718651958866
0.5676878764074365, 1.5189473363825463, 0.5549565350529584, 0.15826517206109933
